0 1 103
1 1 2 66 
2 1 19 32 33 35 39 45 47 48 54 69 98 103 
3 1 2 11 14 17 27 52 53 67 103 
4 1 11 17 27 39 45 52 53 54 67 103 
5 1 2 
6 1 2 8 17 19 21 22 28 33 37 39 45 47 48 52 57 69 71 83 85 98 100 
7 1 2 33 39 49 52 66 103 
8 1 2 66 
9 1 2 11 13 27 52 54 55 56 67 71 89 103 104 
10 1 13 14 19 27 37 49 52 54 55 62 103 
11 1 2 11 17 27 39 52 55 56 
12 1 2 
13 1 19 39 91 
14 1 39 54 66 
15 1 102 
16 1 2 
17 1 28 43 52 62 98 103 
18 1 
19 1 2 39 66 
20 1 2 8 27 52 53 83 89 103 
21 1 6 12 17 22 39 45 47 48 49 52 54 108 110 
22 1 2 6 8 13 14 17 18 19 22 27 39 45 47 48 49 50 51 52 54 55 56 63 103 104 108 110 
23 1 2 27 32 48 52 54 56 103 
24 1 18 27 32 33 39 47 48 54 58 62 66 69 71 108 110 
25 1 9 14 21 22 27 33 47 103 
26 1 2 52 103 
27 1 2 11 13 17 27 52 55 56 67 103 104 
28 1 11 14 17 27 52 53 54 55 71 103 104 
29 1 8 27 52 56 89 103 
30 1 2 35 45 63 
31 1 12 27 33 35 39 48 51 52 57 104 108 
32 1 2 19 27 28 32 39 43 47 48 54 62 68 83 91 98 100 104 108 110 
33 1 2 9 11 17 27 39 52 53 54 56 100 103 104 
34 1 2 48 
35 1 2 
36 1 11 13 27 52 54 67 103 
37 1 2 27 
38 1 2 27 52 53 54 89 103 104 
39 1 2 
40 1 2 
41 1 
42 1 2 6 11 12 14 19 27 28 33 39 45 47 48 50 52 54 55 57 58 83 89 93 102 103 108 
43 1 19 27 100 
44 1 45 47 48 66 103 110 
45 1 2 6 8 11 13 14 18 19 21 22 27 28 32 33 35 37 39 43 45 47 48 49 51 52 53 54 55 56 58 62 63 68 69 70 71 74 83 85 89 91 98 100 103 104 108 109 110 
46 1 32 35 37 39 45 53 54 104 
47 1 8 32 33 35 37 45 47 48 55 58 63 66 69 71 83 85 91 98 109 
48 1 
49 1 27 48 103 
50 1 8 14 19 22 27 28 33 45 48 52 54 108 
51 1 2 14 18 21 22 27 32 39 45 47 48 49 51 52 54 55 56 62 66 68 89 100 103 104 
52 1 18 27 28 32 37 39 45 47 48 51 52 57 83 89 101 104 
53 1 8 33 47 48 51 83 
54 1 39 
55 1 28 83 
56 1 2 27 39 47 49 55 63 66 67 83 102 110 
57 1 2 8 19 27 33 52 57 66 98 
58 1 2 54 55 57 103 
59 1 2 12 13 33 45 48 52 103 
60 1 2 28 48 63 69 103 
61 1 2 6 9 11 14 19 22 27 28 30 32 33 37 39 47 48 49 52 54 56 57 66 71 83 89 100 103 108 110 
62 1 6 11 13 27 45 48 49 90 
63 1 11 19 21 27 35 45 51 52 55 56 83 100 108 
64 1 27 
65 1 2 27 39 52 70 102 103 
66 1 6 9 11 14 19 21 27 28 32 33 37 39 45 47 48 49 50 51 52 54 55 56 57 58 62 67 69 70 71 74 83 89 90 91 94 98 100 101 103 104 108 110 
67 1 49 104 
68 1 52 104 
69 1 27 39 103 
70 1 2 6 11 14 27 48 51 52 89 103 104 
71 1 2 27 49 52 54 56 67 103 
72 1 
73 1 2 
74 1 2 49 52 54 56 89 
75 1 
76 1 66 
77 1 2 28 47 48 49 52 63 83 103 
78 1 2 27 37 39 49 52 54 55 103 110 
79 1 14 39 55 103 104 
80 1 52 
81 1 
82 1 
83 1 13 
84 1 48 
85 1 
86 1 2 39 52 53 66 70 
87 1 
88 1 9 11 19 27 28 32 35 45 48 49 52 54 56 57 62 63 69 71 74 83 91 100 108 110 
89 1 22 32 49 71 91 
90 1 
91 1 6 91 
92 1 2 27 48 103 
93 1 2 47 
94 1 
95 1 
96 1 
97 1 2 
98 1 
99 1 9 27 28 39 45 47 48 50 51 52 54 55 104 108 
100 1 27 52 53 54 55 56 66 103 104 
101 1 33 48 51 62 66 108 
102 1 
103 1 
104 1 27 
105 1 2 27 45 47 48 56 83 108 
106 1 
107 1 2 6 43 52 
108 1 2 39 52 53 55 56 89 104 
109 1 8 13 14 27 52 53 55 66 67 
110 1 6 13 27 33 45 48 52 56 66 103 
111 1 27 49 55 103 
112 1 2 6 13 19 27 28 39 43 48 49 52 54 55 56 57 101 103 104 108 110 
113 1 
114 1 
115 1 
116 1 2 52 56 103 
117 1 
118 1 52 53 66 
119 1 66 
120 1 2 12 13 14 18 27 28 32 37 39 41 45 52 55 56 71 83 100 103 
121 1 
122 1 14 30 37 70 
123 1 
124 1 
125 1 
126 1 
127 1 13 103 
128 1 39 104 
129 1 2 
130 1 2 13 27 39 52 53 54 55 56 103 104 
131 1 54 
132 1 52 54 56 
133 1 
134 1 
135 1 32 47 48 57 66 83 
136 1 
137 1 19 27 28 39 52 55 103 
138 1 
139 1 27 100 
140 1 
141 1 12 17 27 28 32 39 52 53 54 55 56 66 83 103 110 
142 1 52 
143 1 
144 1 
145 1 
146 1 
147 1 12 27 37 39 52 54 55 56 63 66 89 100 104 
148 1 13 14 52 66 102 103 
149 1 
150 1 
151 1 
152 1 14 19 27 43 52 103 
153 1 27 52 
154 1 2 27 67 80 
155 1 
156 1 27 103 104 110 
157 1 2 
158 1 
159 1 
160 1 14 28 37 39 49 83 102 104 
161 1 
162 1 66 
163 1 
164 1 
165 1 
166 1 
167 1 2 33 52 67 103 
168 1 
169 1 27 103 
170 1 
171 1 22 27 47 110 
172 1 
173 1 2 54 
174 1 
175 1 
176 1 39 66 104 
177 1 19 39 
178 1 
179 1 
180 1 
181 1 2 27 47 48 66 
182 1 2 
183 1 2 
184 1 
185 1 14 19 27 58 89 103 108 
186 1 27 39 100 103 104 
187 1 12 27 52 53 54 55 56 89 103 104 
188 1 2 27 39 100 
189 1 
190 1 27 54 103 
191 1 27 49 83 
192 1 27 
193 1 6 8 11 12 27 33 35 39 45 47 48 49 51 52 55 56 58 63 71 74 85 89 98 101 108 
194 1 6 27 49 
195 1 2 27 52 66 
196 1 2 14 19 27 30 39 48 49 50 52 54 55 108 110 
197 1 39 
198 1 67 
199 1 
200 1 2 52 
201 1 
202 1 27 52 55 56 103 
203 1 
204 1 
205 1 
206 1 2 27 37 49 52 53 54 56 63 66 83 104 
207 1 
208 1 103 
209 1 
210 1 32 70 
211 1 2 
212 1 
213 1 2 104 
214 1 13 14 27 37 45 100 
215 1 
216 1 11 14 55 103 
217 1 2 
218 1 
219 1 70 108 
220 1 9 39 
221 1 
222 1 
223 1 67 103 
224 1 2 
225 1 
226 1 19 32 33 39 45 49 52 63 71 83 91 94 102 104 
227 1 
228 1 47 103 
229 1 
230 1 
231 1 67 
232 1 
233 1 2 67 
234 1 
235 1 11 13 14 17 27 52 54 67 71 103 
236 1 
237 1 33 103 
238 1 2 27 54 102 103 
239 1 2 13 
240 1 
241 1 103 
242 1 6 13 49 52 103 104 
243 1 27 39 48 49 52 103 104 
244 1 27 66 
245 1 
246 1 27 103 
247 1 
248 1 
249 1 
250 1 
251 1 27 30 35 39 45 47 48 52 54 55 57 62 63 66 71 104 110 
252 1 
253 1 13 18 27 37 45 
254 1 
255 1 6 8 9 13 14 19 21 22 27 28 33 35 39 43 45 47 48 52 54 57 63 67 71 80 83 89 91 100 102 103 108 110 
256 1 
257 1 14 21 27 32 48 52 54 57 68 89 91 100 101 103 104 
258 1 9 11 19 27 45 48 50 55 56 57 62 66 103 110 
259 1 
260 1 2 11 28 52 54 
261 1 2 19 110 
262 1 2 47 52 
263 1 
264 1 
265 1 13 33 
266 1 27 
267 1 
268 1 
269 1 2 13 14 19 27 45 47 49 52 54 55 89 103 104 
270 1 19 27 37 52 55 56 103 104 
271 1 9 49 52 56 103 
272 1 
273 1 27 45 55 71 103 
274 1 27 52 54 55 56 103 104 
275 1 
276 1 
277 1 
278 1 
279 1 66 68 
280 1 
281 1 52 66 89 
282 1 2 6 13 14 27 37 39 45 47 48 49 52 54 66 69 71 74 89 100 102 103 104 108 110 
283 1 
284 1 
285 1 
286 1 
287 1 47 52 89 103 
288 1 
289 1 27 
290 1 
291 1 103 
292 1 13 27 49 67 
293 1 9 66 103 108 
294 1 45 47 52 63 66 
295 1 13 17 39 63 66 
296 1 39 52 56 
297 1 27 52 
298 1 2 6 13 17 19 32 47 52 110 
299 1 
300 1 
301 1 12 14 19 27 28 52 53 54 55 56 66 83 103 104 
302 1 
303 1 
304 1 
305 1 
306 1 2 14 47 
307 1 
308 1 54 
309 1 54 
310 1 48 
311 1 27 103 
312 1 2 
313 1 2 
314 1 
315 1 39 83 
316 1 83 
317 1 13 28 49 54 91 94 
318 1 47 48 
319 1 2 
320 1 
321 1 13 27 47 56 
322 1 
323 1 13 27 56 103 
324 1 13 27 56 103 
325 1 6 27 33 39 48 49 52 57 68 89 100 103 105 
326 1 11 27 52 
327 1 27 103 
328 1 
329 1 2 52 53 54 55 56 67 104 
330 1 12 27 28 32 39 41 45 52 55 71 104 
331 1 
332 1 49 54 66 
333 1 
334 1 
335 1 2 
336 1 
337 1 2 54 56 104 
338 1 27 48 66 
339 1 
340 1 54 89 
341 1 27 
342 1 
343 1 2 49 52 53 103 104 
344 1 11 27 33 45 52 57 66 71 103 
345 1 
346 1 2 
347 1 2 11 13 27 28 48 52 53 54 56 57 66 103 104 110 
348 1 
349 1 27 
350 1 27 52 103 
351 1 27 
352 1 27 
353 1 54 
354 1 47 
355 1 2 52 56 
356 1 
357 1 
358 1 2 13 14 27 103 
359 1 17 47 
360 1 2 12 13 22 27 33 39 45 47 48 52 53 62 68 71 83 100 103 108 109 
361 1 
362 1 
363 1 2 
364 1 
365 1 39 
366 1 48 
367 1 27 48 52 
368 1 19 39 47 52 
369 1 
370 1 2 
371 1 12 39 52 55 66 83 
372 1 100 
373 1 2 6 13 14 19 21 22 27 28 32 33 35 37 39 43 48 49 50 51 52 54 55 56 57 62 69 70 71 80 83 85 89 94 100 103 104 108 
374 1 11 19 27 39 43 45 48 49 52 54 57 63 89 102 104 110 
375 1 
376 1 
377 1 
378 1 35 
379 1 8 13 27 33 35 39 47 48 54 100 103 104 
380 1 2 6 14 18 27 28 35 37 39 43 45 47 48 52 54 55 56 62 68 70 71 83 85 91 100 102 103 104 108 110 
381 1 
382 1 
383 1 
384 1 
385 1 
386 1 
387 1 
388 1 
389 1 6 9 13 27 33 35 43 47 48 50 52 55 57 58 71 85 98 101 104 
390 1 27 66 
391 1 32 
392 1 43 
393 1 
394 1 2 47 
395 1 2 66 103 
396 1 57 67 
397 1 
398 1 6 14 22 27 47 48 103 104 
399 1 
400 1 48 
401 1 22 100 
402 1 13 19 39 48 49 51 52 54 
403 1 2 
404 1 
405 1 
406 1 
407 1 
408 1 6 27 39 45 49 52 54 83 100 
409 1 52 
410 1 39 66 
411 1 
412 1 
413 1 48 110 
414 1 
415 1 13 
416 1 47 103 
417 1 
418 1 
419 1 
420 1 27 69 
421 1 2 27 47 48 52 94 103 104 110 
422 1 
423 1 71 
424 1 11 27 32 39 47 48 49 52 54 74 108 110 
425 1 12 27 39 45 47 48 49 50 52 56 71 89 100 101 103 108 110 
426 1 
427 1 39 
428 1 
429 1 66 102 108 
430 1 
431 1 
432 1 
433 1 
434 1 
435 1 12 27 52 54 56 89 103 104 
436 1 27 
437 1 
438 1 
439 1 
440 1 103 
441 1 47 
442 1 6 103 
443 1 
444 1 
445 1 
446 1 66 
447 1 
448 1 
449 1 
450 1 
451 1 
452 1 48 52 100 
453 1 
454 1 
455 1 2 
456 1 
457 1 2 27 52 103 
458 1 
459 1 47 
460 1 27 66 103 
461 1 
462 1 104 
463 1 
464 1 104 
465 1 35 48 71 
466 1 
467 1 
468 1 2 
469 1 39 
470 1 12 
471 1 52 103 
472 1 
473 1 48 
474 1 48 
475 1 13 48 52 
476 1 
477 1 27 33 37 103 
478 1 27 
479 1 13 27 28 47 49 52 83 
480 1 54 
481 1 
482 1 8 27 33 39 43 45 47 48 50 52 54 55 56 89 102 103 104 
483 1 
484 1 12 27 28 54 104 
485 1 13 54 55 68 103 104 
486 1 
487 1 2 47 
488 1 27 66 103 
489 1 12 
490 1 12 
491 1 33 
492 1 6 27 103 
493 1 17 
494 1 
495 1 
496 1 
497 1 6 27 28 45 47 52 55 58 66 71 100 108 
498 1 
499 1 
500 1 
501 1 47 48 108 
502 1 19 48 66 102 104 
503 1 47 48 
504 1 52 
505 1 53 62 83 103 
506 1 45 47 
507 1 27 35 45 47 49 54 66 71 103 
508 1 
509 1 2 14 27 45 52 54 
510 1 27 
511 1 47 66 108 
512 1 
513 1 
514 1 
515 1 
516 1 28 54 104 
517 1 
518 1 
519 1 
520 1 
521 1 
522 1 
523 1 
524 1 27 37 52 55 
525 1 12 27 37 54 
526 1 8 12 13 18 27 28 37 39 47 48 52 54 55 83 100 104 
527 1 
528 1 
529 1 27 52 53 
530 1 
531 1 67 
532 1 103 
533 1 13 
534 1 
535 1 
536 1 27 49 103 
537 1 2 39 71 
538 1 
539 1 
540 1 
541 1 
542 1 27 
543 1 
544 1 
545 1 27 
546 1 39 47 52 54 66 
547 1 
548 1 2 
549 1 2 49 
550 1 47 102 
551 1 27 
552 1 
553 1 9 13 27 48 55 62 71 104 110 
554 1 
555 1 13 66 
556 1 
557 1 54 
558 1 
559 1 
560 1 
561 1 
562 1 8 13 22 27 33 39 47 103 
563 1 27 47 66 103 
564 1 
565 1 13 14 45 55 103 
566 1 17 19 47 55 80 
567 1 
568 1 54 63 
569 1 6 11 14 18 19 27 28 37 39 45 47 48 49 51 52 54 55 56 69 70 71 74 76 80 83 89 91 104 110 
570 1 6 8 9 11 13 22 27 28 32 39 45 54 62 66 67 68 69 70 83 90 91 93 98 102 
571 1 22 27 37 39 45 47 54 55 100 103 
572 1 47 52 66 
573 1 11 13 19 27 45 52 
574 1 2 
575 1 2 52 54 
576 1 
577 1 
578 1 2 19 49 56 83 
579 1 14 27 48 66 
580 1 39 
581 1 54 66 67 
582 1 13 39 45 47 48 52 54 66 110 
583 1 103 
584 1 103 
585 1 103 
586 1 27 
587 1 39 52 56 83 89 103 
588 1 27 83 
589 1 
590 2 
591 2 
592 2 27 48 52 98 
593 2 19 22 27 32 45 47 54 66 83 103 104 110 
594 2 27 39 48 103 
595 2 6 8 11 27 33 47 48 51 52 56 69 104 
596 2 
597 2 52 
598 2 11 13 52 55 56 67 103 104 
599 2 11 12 13 19 22 27 28 33 37 39 45 47 48 49 51 52 53 55 56 57 62 63 68 71 83 89 91 94 98 101 102 103 104 108 110 
600 2 6 11 14 19 27 28 33 37 39 45 47 48 49 51 52 54 56 57 62 71 74 80 83 89 98 103 104 108 
601 2 27 52 
602 2 67 
603 2 6 8 9 14 18 27 28 33 37 39 45 47 48 49 52 54 55 56 62 69 71 85 91 100 101 103 104 108 110 
604 2 
605 2 6 11 13 27 32 35 37 39 45 47 48 49 50 52 57 58 62 63 68 70 71 89 94 100 108 110 
606 2 11 13 14 17 54 56 103 104 
607 2 22 39 48 49 103 
608 2 
609 2 
610 2 11 48 52 54 62 71 89 108 
611 2 33 48 52 55 89 
612 2 8 52 89 
613 2 
614 2 27 52 
615 2 
616 2 
617 2 
618 2 
619 2 
620 2 13 45 47 103 
621 2 27 55 66 89 103 
622 2 6 9 19 27 47 48 52 57 66 71 103 108 110 
623 2 6 8 9 11 12 13 14 17 19 22 27 28 30 32 35 39 43 45 47 48 49 51 52 53 54 55 56 57 62 63 67 68 70 71 74 80 83 85 89 101 102 103 104 108 109 110 
624 2 6 27 48 52 54 68 71 
625 2 19 33 47 49 57 110 
626 2 27 39 66 
627 2 
628 2 11 13 39 47 52 103 
629 2 103 
630 2 
631 2 
632 2 
633 2 
634 2 
635 2 
636 2 
637 2 
638 2 
639 2 
640 2 6 54 104 
641 2 
642 2 
643 2 
644 2 53 104 
645 2 
646 2 33 
647 2 27 
648 2 
649 2 103 
650 2 
651 2 14 33 52 66 67 100 103 
652 2 
653 2 
654 2 
655 2 
656 2 
657 2 
658 2 27 52 56 104 
659 2 
660 2 
661 2 
662 2 14 48 52 54 66 104 
663 2 47 57 
664 2 12 14 22 27 39 45 48 52 56 57 74 83 103 
665 2 6 27 28 33 35 45 47 48 52 54 100 103 108 110 
666 2 27 48 52 53 54 67 
667 2 8 11 19 27 45 48 52 83 100 104 
668 2 27 52 55 
669 2 
670 2 
671 2 12 27 53 54 102 103 104 
672 2 52 67 100 103 
673 2 55 
674 2 
675 2 
676 2 6 27 35 39 47 48 71 80 103 104 108 
677 2 27 
678 2 
679 2 6 13 14 19 22 27 45 48 49 52 55 56 57 63 66 74 103 110 
680 2 
681 2 45 
682 2 
683 2 37 
684 2 37 
685 2 
686 2 27 66 
687 2 
688 2 13 19 27 39 55 56 66 103 
689 2 27 
690 2 
691 2 6 27 28 55 91 94 100 
692 2 
693 2 
694 2 
695 2 
696 2 
697 2 6 22 27 33 45 47 48 51 52 55 57 63 80 108 
698 2 
699 2 47 108 
700 2 
701 2 
702 2 12 27 53 
703 2 27 
704 2 
705 2 
706 2 
707 2 
708 2 
709 2 
710 2 11 
711 2 
712 2 
713 2 55 89 
714 2 27 48 52 54 62 68 70 89 102 103 104 108 110 
715 2 28 83 102 103 104 
716 2 
717 2 
718 2 27 45 48 49 57 66 108 110 
719 2 103 
720 2 18 52 66 89 91 
721 2 
722 2 6 28 52 
723 2 
724 2 48 52 54 62 103 
725 2 27 39 52 53 54 55 58 103 104 
726 2 52 
727 2 53 103 
728 2 
729 2 17 
730 2 
731 2 27 103 
732 2 
733 2 
734 2 27 100 103 
735 2 
736 2 6 11 13 27 33 35 45 47 48 49 58 66 71 85 100 110 
737 2 52 
738 2 104 
739 2 13 27 52 54 66 100 
740 2 
741 2 
742 2 
743 2 
744 2 
745 2 66 
746 2 110 
747 2 
748 2 
749 2 
750 2 
751 2 
752 2 
753 2 
754 2 
755 2 
756 2 54 
757 2 
758 2 
759 2 
760 2 9 13 14 27 32 33 39 45 47 48 49 52 57 62 63 68 70 71 79 89 94 103 104 108 110 
761 2 
762 2 
763 2 21 71 
764 2 
765 2 11 52 71 
766 2 
767 2 
768 2 
769 2 
770 2 
771 2 
772 2 6 11 19 27 39 45 47 48 49 50 52 55 63 71 89 98 100 103 110 
773 2 
774 2 
775 2 67 
776 2 27 83 
777 2 37 51 52 54 100 
778 2 28 63 
779 2 6 9 13 19 33 47 48 49 52 54 56 62 71 80 100 104 
780 6 
781 6 
782 6 103 
783 6 
784 6 
785 6 
786 6 
787 6 35 37 45 47 48 49 52 57 66 69 70 71 108 110 
788 6 30 
789 6 47 52 
790 6 39 48 
791 6 47 66 
792 6 27 33 55 66 103 
793 6 9 11 13 17 27 28 33 37 39 45 47 48 49 51 52 55 63 68 70 74 89 90 103 104 108 109 
794 6 
795 6 
796 6 9 11 12 14 19 21 27 28 32 37 39 45 47 48 49 51 52 54 56 57 58 62 69 70 71 80 83 89 91 94 100 103 104 108 110 
797 6 33 45 47 48 108 
798 6 
799 6 8 9 19 27 28 30 39 45 47 48 49 50 52 55 56 58 68 69 70 74 101 103 108 110 
800 6 
801 6 
802 6 
803 6 9 11 13 14 19 22 27 35 45 47 48 49 57 62 63 101 108 110 
804 6 
805 6 11 19 27 33 43 45 47 48 49 57 63 69 91 101 102 103 104 108 110 
806 6 
807 6 13 19 45 71 83 
808 6 
809 6 8 11 14 22 27 39 45 47 48 49 51 52 54 57 69 85 100 108 110 
810 6 
811 6 21 45 48 56 63 66 
812 6 
813 6 66 
814 6 8 19 28 33 35 39 47 48 62 70 74 80 91 104 108 
815 6 12 48 52 53 54 56 62 103 104 
816 6 
817 6 14 32 35 48 63 69 110 
818 6 19 45 48 54 57 83 
819 6 9 33 35 110 
820 6 21 45 47 53 63 66 
821 6 
822 6 
823 6 
824 6 
825 6 
826 6 27 83 
827 6 
828 6 17 
829 6 
830 6 13 19 28 32 39 45 47 48 51 63 110 
831 6 
832 6 
833 6 27 39 68 
834 6 52 55 103 
835 6 27 
836 6 45 52 
837 6 
838 6 
839 6 
840 6 
841 6 11 17 27 28 39 48 52 66 74 89 103 104 110 
842 6 
843 6 
844 6 48 50 71 83 
845 6 
846 6 19 27 39 45 47 48 49 52 56 71 100 108 110 
847 6 48 
848 6 19 56 63 66 71 108 
849 6 48 101 
850 6 
851 6 
852 6 66 
853 6 35 71 
854 6 
855 6 8 11 14 18 21 27 28 32 33 37 39 43 47 48 49 50 52 57 62 66 70 71 74 83 89 90 91 100 108 110 
856 6 13 17 49 66 110 
857 6 98 
858 6 39 62 100 
859 6 11 27 33 43 45 69 71 100 
860 6 
861 6 
862 6 103 
863 6 104 
864 6 11 39 45 47 49 50 58 62 100 
865 6 
866 6 
867 6 22 27 32 35 47 48 68 71 83 98 110 
868 6 
869 6 19 39 47 48 52 98 
870 6 8 45 47 
871 6 76 
872 6 
873 6 11 19 27 47 48 91 101 
874 6 52 
875 6 11 39 47 49 68 98 104 
876 6 103 
877 6 11 19 27 45 47 48 49 50 52 54 55 56 66 89 100 101 103 104 
878 6 52 
879 6 14 27 51 103 108 
880 6 
881 6 55 
882 6 19 35 45 48 49 50 51 52 55 57 62 68 89 100 103 
883 6 35 
884 6 52 
885 6 17 47 48 55 98 110 
886 6 49 62 103 
887 6 27 39 45 47 48 49 52 54 66 100 103 
888 6 47 102 
889 6 33 
890 6 
891 6 47 49 66 90 
892 6 
893 6 
894 6 
895 6 
896 6 27 103 
897 6 43 48 52 103 
898 6 13 52 
899 6 
900 6 53 89 
901 6 11 19 27 39 45 47 49 50 52 58 62 63 68 69 70 71 74 76 90 
902 6 
903 6 
904 6 35 49 52 66 101 102 103 108 110 
905 6 103 
906 6 27 48 49 52 
907 6 66 
908 6 
909 6 8 11 19 27 28 33 35 39 45 47 48 49 50 51 55 62 66 74 83 94 101 103 104 108 
910 6 
911 6 33 49 
912 6 33 104 
913 6 
914 6 14 19 27 39 45 47 48 49 52 54 56 66 89 103 104 
915 6 
916 6 17 48 52 54 110 
917 6 11 12 14 19 22 27 28 37 39 45 47 48 49 51 52 57 62 63 67 80 83 89 91 98 103 108 110 
918 6 52 68 103 
919 6 
920 6 22 48 66 
921 6 17 27 33 47 48 50 51 57 62 89 103 
922 6 12 27 43 47 48 56 108 
923 6 27 49 51 55 
924 6 48 49 
925 6 103 
926 6 
927 6 
928 6 27 
929 6 39 45 47 48 49 52 56 103 
930 6 
931 6 13 27 32 35 48 51 57 110 
932 6 27 
933 6 27 
934 6 45 66 71 
935 6 39 52 66 
936 6 35 53 
937 6 8 12 27 52 53 54 55 56 71 89 103 104 
938 6 
939 6 45 50 102 
940 6 
941 6 
942 6 45 47 48 69 83 
943 6 14 21 22 27 28 37 45 47 52 57 62 71 100 
944 6 27 33 52 102 
945 6 19 52 
946 6 
947 6 8 11 14 19 21 22 27 28 32 35 37 39 45 47 48 52 54 55 56 69 71 80 83 89 91 102 103 104 108 109 110 
948 6 18 19 27 47 51 71 80 83 94 
949 6 
950 6 
951 6 
952 6 
953 6 8 11 14 27 45 47 48 52 56 57 62 66 98 103 104 108 110 
954 6 
955 6 9 11 19 27 33 37 39 45 47 48 49 52 54 71 74 83 91 104 108 110 
956 6 
957 6 45 
958 6 
959 6 56 
960 6 11 27 35 45 48 49 83 98 
961 6 
962 6 
963 6 27 52 66 104 
964 6 11 28 35 47 48 57 63 103 108 
965 6 
966 6 9 19 39 48 49 52 56 62 66 102 104 108 110 
967 6 9 11 19 27 48 49 56 62 66 68 103 104 108 
968 6 8 28 32 35 48 62 63 66 67 83 91 93 110 
969 8 11 22 27 52 
970 8 45 66 
971 8 9 
972 8 48 
973 8 19 32 45 48 49 80 101 110 
974 8 9 19 21 22 27 28 33 39 47 48 49 51 52 56 66 80 91 103 104 108 
975 8 9 11 21 27 35 37 39 45 47 48 49 52 56 58 67 69 74 80 83 89 90 91 108 
976 8 13 19 27 28 47 54 55 70 94 
977 8 27 30 39 47 48 49 52 54 55 57 62 66 100 110 
978 8 
979 8 66 67 104 
980 8 
981 8 47 
982 8 
983 8 14 
984 8 11 39 45 56 
985 8 11 45 66 
986 8 22 45 57 94 
987 8 45 66 67 
988 8 22 45 47 94 
989 8 22 
990 8 33 45 
991 8 47 
992 8 27 
993 8 39 52 
994 8 33 47 54 
995 8 
996 8 11 27 39 45 48 66 69 91 108 110 
997 8 33 37 45 48 57 66 
998 8 
999 8 
1000 8 
1001 8 
1002 8 13 14 27 48 52 103 
1003 8 21 27 45 47 50 66 67 69 108 110 
1004 8 11 
1005 8 48 49 
1006 8 
1007 8 55 
1008 8 12 19 27 47 48 49 51 52 63 69 100 103 104 110 
1009 8 28 33 66 
1010 8 
1011 8 
1012 8 30 45 47 49 52 53 54 55 
1013 8 
1014 8 45 51 66 67 
1015 8 14 35 
1016 8 45 66 
1017 8 
1018 8 66 
1019 8 103 
1020 9 49 
1021 9 47 108 
1022 9 52 
1023 9 
1024 9 47 48 51 52 62 66 110 
1025 9 39 
1026 9 47 48 108 
1027 9 108 
1028 9 48 52 66 103 110 
1029 9 47 83 
1030 9 50 52 55 56 62 66 71 85 101 108 
1031 9 19 27 28 37 52 54 62 89 
1032 9 48 
1033 9 33 66 98 
1034 9 28 45 47 54 63 66 100 108 
1035 9 45 
1036 9 
1037 9 48 
1038 9 
1039 9 47 51 62 108 
1040 9 11 47 
1041 9 47 
1042 9 27 39 45 
1043 9 53 
1044 9 13 19 27 47 52 66 70 83 90 108 
1045 9 39 45 66 110 
1046 9 47 
1047 9 
1048 9 11 39 45 62 
1049 9 
1050 9 19 27 52 62 91 102 
1051 9 47 48 51 52 71 
1052 9 
1053 9 48 52 63 71 104 
1054 9 
1055 9 
1056 9 48 
1057 9 11 14 21 27 103 
1058 9 11 19 48 100 
1059 9 
1060 9 14 18 19 27 28 30 32 33 37 39 45 48 49 51 52 56 69 89 103 
1061 9 49 
1062 9 
1063 9 
1064 11 
1065 11 14 45 49 53 55 66 108 
1066 11 48 50 57 108 110 
1067 11 
1068 11 27 45 48 
1069 11 
1070 11 
1071 11 
1072 11 69 
1073 11 27 45 47 83 108 110 
1074 11 27 45 48 52 66 110 
1075 11 27 28 70 108 110 
1076 11 
1077 11 27 45 52 108 
1078 11 
1079 11 19 39 48 51 89 108 110 
1080 11 
1081 11 66 
1082 11 
1083 11 27 
1084 11 
1085 11 
1086 11 
1087 11 27 103 
1088 11 
1089 11 52 54 
1090 11 
1091 11 
1092 11 
1093 11 
1094 11 
1095 11 
1096 11 
1097 11 27 52 53 
1098 11 55 66 
1099 11 
1100 11 12 13 14 19 27 30 39 45 47 48 51 52 62 63 80 83 94 98 100 104 108 110 
1101 11 
1102 11 52 
1103 11 43 
1104 11 49 57 70 71 100 
1105 11 
1106 11 55 71 
1107 11 71 
1108 11 
1109 11 
1110 11 71 
1111 11 27 52 
1112 11 
1113 11 
1114 11 
1115 11 48 108 
1116 11 
1117 11 
1118 11 27 69 
1119 11 14 19 27 33 39 48 51 52 79 98 
1120 11 
1121 11 45 47 49 100 103 
1122 11 69 
1123 11 
1124 11 
1125 11 33 49 57 68 
1126 11 
1127 11 27 28 47 48 
1128 11 
1129 11 27 
1130 11 
1131 11 39 45 
1132 11 
1133 11 17 33 35 47 52 
1134 11 17 
1135 11 18 28 33 35 39 45 47 48 51 58 70 74 91 93 104 110 
1136 11 13 14 
1137 11 19 22 27 28 35 45 47 48 49 66 85 108 
1138 11 
1139 11 
1140 11 
1141 11 
1142 11 
1143 11 
1144 11 22 45 47 53 108 
1145 11 55 56 103 
1146 11 
1147 11 
1148 11 27 45 52 66 71 91 98 110 
1149 11 
1150 11 13 27 39 45 47 48 51 52 54 83 
1151 11 
1152 11 
1153 11 27 103 
1154 11 
1155 11 27 52 
1156 11 
1157 11 
1158 11 
1159 11 
1160 11 52 103 
1161 11 35 52 
1162 11 27 89 
1163 11 
1164 11 71 
1165 11 
1166 11 39 54 
1167 11 
1168 11 
1169 11 
1170 11 
1171 11 19 39 
1172 11 
1173 11 
1174 11 39 47 48 54 57 71 110 
1175 11 
1176 11 22 27 45 63 83 
1177 11 
1178 11 19 52 
1179 11 52 66 
1180 11 
1181 11 
1182 11 22 27 33 37 45 47 48 49 52 54 57 62 71 89 94 100 103 108 110 
1183 11 
1184 11 
1185 11 39 
1186 11 13 66 
1187 11 27 48 52 53 54 56 103 110 
1188 11 19 27 108 
1189 11 71 104 
1190 11 19 35 45 48 49 52 53 54 55 56 62 66 67 98 104 108 110 
1191 11 
1192 11 
1193 11 39 74 
1194 11 
1195 11 103 
1196 11 
1197 11 
1198 11 
1199 11 
1200 11 
1201 11 103 
1202 11 
1203 11 
1204 11 
1205 11 
1206 11 14 33 52 
1207 11 
1208 11 
1209 11 
1210 11 
1211 11 
1212 11 66 85 91 
1213 11 48 51 62 71 100 103 
1214 11 
1215 12 54 
1216 12 56 100 103 
1217 12 52 
1218 12 27 
1219 12 21 45 52 54 66 89 103 110 
1220 12 
1221 12 22 67 
1222 12 52 53 54 56 103 
1223 12 22 27 47 48 103 108 
1224 12 22 47 52 57 
1225 12 14 71 89 104 
1226 12 
1227 12 14 27 52 54 55 56 83 103 
1228 12 53 54 
1229 12 
1230 12 
1231 12 
1232 12 
1233 12 
1234 12 
1235 12 
1236 12 
1237 12 39 52 54 55 103 
1238 12 13 27 32 52 54 66 103 104 
1239 12 
1240 12 
1241 12 
1242 12 
1243 12 27 
1244 12 
1245 12 
1246 12 
1247 12 
1248 12 54 104 
1249 12 54 
1250 12 
1251 12 
1252 12 
1253 12 
1254 12 
1255 12 54 
1256 12 52 54 103 
1257 12 54 
1258 12 
1259 12 52 103 104 
1260 12 
1261 12 
1262 12 
1263 12 54 
1264 13 110 
1265 13 
1266 13 52 
1267 13 
1268 13 
1269 13 
1270 13 48 
1271 13 17 21 32 45 48 58 69 110 
1272 13 
1273 13 
1274 13 
1275 13 14 19 39 
1276 13 27 45 57 62 101 102 103 108 
1277 13 17 19 21 27 32 45 48 52 54 55 56 62 66 70 85 94 103 104 108 110 
1278 13 
1279 13 49 66 89 103 
1280 13 27 47 48 100 
1281 13 66 104 
1282 13 27 56 66 103 
1283 13 103 
1284 13 27 
1285 13 14 
1286 13 27 39 45 47 49 51 108 110 
1287 13 21 27 45 69 
1288 13 66 
1289 13 
1290 13 19 48 110 
1291 13 53 
1292 13 110 
1293 13 14 69 110 
1294 13 
1295 13 
1296 13 
1297 13 
1298 13 
1299 13 
1300 13 
1301 13 
1302 13 
1303 13 
1304 13 
1305 13 
1306 13 14 27 66 
1307 13 
1308 13 52 
1309 13 
1310 13 47 
1311 13 
1312 13 
1313 13 110 
1314 13 66 
1315 13 48 66 71 110 
1316 13 49 
1317 13 57 58 66 
1318 13 48 
1319 13 
1320 13 
1321 13 
1322 13 
1323 13 
1324 13 103 
1325 13 19 49 54 56 57 103 104 
1326 13 19 52 56 62 100 103 
1327 13 27 45 48 54 69 71 83 89 
1328 13 39 
1329 13 27 49 57 110 
1330 13 
1331 13 45 54 69 103 
1332 13 27 54 
1333 13 
1334 13 
1335 13 22 27 48 49 52 55 89 108 
1336 13 33 47 103 108 110 
1337 13 
1338 13 17 67 110 
1339 13 
1340 13 
1341 13 27 33 39 47 52 
1342 13 66 
1343 13 14 27 33 35 66 68 83 94 
1344 13 
1345 13 19 
1346 13 
1347 13 21 39 45 48 50 
1348 13 
1349 13 27 48 52 
1350 13 22 27 52 53 54 55 56 69 71 103 104 110 
1351 13 
1352 13 
1353 13 27 52 54 104 
1354 13 
1355 13 
1356 13 103 
1357 13 
1358 13 
1359 13 
1360 13 22 70 
1361 13 22 27 48 52 54 55 66 
1362 13 
1363 13 
1364 13 
1365 13 27 52 
1366 13 
1367 13 
1368 13 
1369 13 
1370 13 
1371 13 
1372 13 
1373 13 14 28 48 50 91 
1374 13 
1375 13 66 
1376 13 14 27 66 
1377 13 
1378 13 
1379 13 21 100 
1380 13 
1381 13 67 104 108 
1382 13 27 49 
1383 13 108 
1384 13 
1385 13 
1386 13 52 
1387 13 
1388 13 
1389 13 27 47 54 71 
1390 13 27 47 52 54 
1391 13 21 50 66 103 
1392 13 
1393 13 27 49 52 54 63 71 
1394 13 
1395 13 110 
1396 13 
1397 13 
1398 13 
1399 13 14 66 103 
1400 13 17 27 48 71 
1401 13 
1402 13 
1403 13 
1404 13 52 56 
1405 13 27 
1406 13 
1407 13 47 66 103 
1408 13 
1409 13 
1410 13 
1411 13 14 22 27 32 39 43 45 47 48 54 56 57 67 70 83 89 103 
1412 13 
1413 13 
1414 13 
1415 13 49 52 103 
1416 13 
1417 14 17 27 53 54 55 56 100 103 
1418 14 
1419 14 
1420 14 48 52 
1421 14 
1422 14 48 54 
1423 14 48 66 
1424 14 
1425 14 
1426 14 27 103 
1427 14 
1428 14 27 
1429 14 57 62 66 
1430 14 
1431 14 
1432 14 
1433 14 27 103 
1434 14 33 
1435 14 
1436 14 27 39 47 54 71 103 
1437 14 103 
1438 14 
1439 14 27 47 66 
1440 14 103 
1441 14 
1442 14 27 
1443 14 
1444 14 17 
1445 14 17 27 39 48 66 100 
1446 14 
1447 14 19 71 
1448 14 27 37 39 48 52 62 67 71 89 104 
1449 14 22 41 63 
1450 14 
1451 14 
1452 14 27 55 103 
1453 14 71 
1454 14 101 110 
1455 14 
1456 14 
1457 14 52 
1458 14 
1459 14 
1460 14 
1461 14 
1462 14 
1463 14 18 27 52 53 56 74 
1464 14 43 48 49 71 103 
1465 14 71 
1466 14 
1467 14 
1468 14 27 37 47 52 54 103 
1469 14 47 48 
1470 14 27 
1471 14 
1472 14 
1473 14 
1474 14 
1475 14 
1476 14 
1477 14 
1478 14 27 103 
1479 14 18 22 100 
1480 14 
1481 14 
1482 14 
1483 14 27 
1484 14 27 89 
1485 14 33 52 66 
1486 14 39 
1487 14 
1488 14 
1489 14 
1490 14 
1491 14 
1492 14 
1493 14 28 57 66 108 
1494 14 
1495 14 28 
1496 14 66 
1497 14 
1498 14 
1499 14 
1500 14 27 52 103 
1501 14 51 100 104 
1502 14 
1503 14 27 33 
1504 14 
1505 14 
1506 14 66 
1507 14 
1508 14 19 27 49 51 71 
1509 14 
1510 14 
1511 14 48 91 
1512 14 22 32 39 45 52 55 56 57 63 
1513 14 18 27 45 49 52 54 55 57 89 102 103 
1514 14 22 39 110 
1515 14 
1516 14 19 22 45 52 54 104 110 
1517 14 
1518 14 19 39 47 50 
1519 14 85 
1520 14 
1521 14 
1522 14 22 
1523 14 
1524 14 
1525 14 22 68 
1526 14 19 27 33 55 98 103 108 
1527 14 45 47 48 52 
1528 14 21 28 45 83 110 
1529 14 48 
1530 14 19 54 71 104 110 
1531 14 66 
1532 14 47 48 110 
1533 14 47 71 
1534 14 48 
1535 14 
1536 14 52 54 83 100 110 
1537 14 33 52 101 
1538 14 27 28 32 48 52 62 83 110 
1539 14 19 
1540 14 
1541 14 27 39 48 
1542 14 101 
1543 14 19 
1544 14 48 71 91 103 110 
1545 14 19 49 63 66 69 
1546 14 
1547 14 27 
1548 14 
1549 17 
1550 17 
1551 17 
1552 17 110 
1553 17 110 
1554 17 110 
1555 17 
1556 17 110 
1557 17 
1558 17 
1559 17 27 28 33 39 45 47 48 49 57 68 71 98 103 
1560 17 48 52 
1561 17 19 47 
1562 17 
1563 17 
1564 17 49 
1565 17 52 
1566 17 
1567 17 
1568 17 69 110 
1569 17 
1570 17 27 
1571 17 
1572 17 
1573 17 
1574 18 68 74 
1575 18 
1576 18 22 39 66 
1577 18 
1578 18 
1579 18 
1580 18 
1581 18 
1582 18 68 74 
1583 18 39 56 103 
1584 18 27 49 103 
1585 18 27 
1586 18 
1587 18 27 28 110 
1588 18 27 110 
1589 18 68 
1590 18 19 47 
1591 18 108 
1592 18 48 56 66 68 98 100 104 
1593 18 
1594 18 66 
1595 18 74 
1596 18 
1597 18 27 49 58 66 
1598 18 66 
1599 18 
1600 18 54 
1601 18 102 103 
1602 18 
1603 18 
1604 19 27 39 52 80 94 
1605 19 27 52 
1606 19 49 80 110 
1607 19 27 52 62 91 94 101 
1608 19 22 27 39 55 62 66 68 103 
1609 19 39 
1610 19 30 80 
1611 19 27 55 100 104 
1612 19 
1613 19 27 108 110 
1614 19 
1615 19 
1616 19 71 
1617 19 48 52 
1618 19 
1619 19 
1620 19 
1621 19 
1622 19 
1623 19 
1624 19 27 47 52 53 54 55 56 66 89 91 103 104 
1625 19 48 89 103 
1626 19 
1627 19 55 
1628 19 48 103 
1629 19 
1630 19 
1631 19 27 
1632 19 27 52 89 
1633 19 39 
1634 19 104 
1635 19 66 103 
1636 19 
1637 19 
1638 19 
1639 19 43 56 
1640 19 
1641 19 45 103 
1642 19 27 52 91 100 
1643 19 
1644 19 
1645 19 67 
1646 19 27 83 
1647 19 47 48 52 54 55 56 103 108 
1648 19 27 52 53 54 55 70 71 83 89 100 103 104 
1649 19 
1650 19 68 
1651 19 52 103 
1652 19 
1653 19 74 
1654 19 48 66 
1655 19 52 
1656 19 100 
1657 19 
1658 19 27 48 
1659 19 
1660 19 
1661 19 27 61 62 66 
1662 19 52 
1663 19 
1664 19 
1665 19 
1666 19 47 71 110 
1667 19 
1668 19 52 62 100 
1669 19 21 27 47 48 52 68 70 71 110 
1670 19 27 66 71 
1671 19 
1672 19 47 71 108 110 
1673 19 
1674 19 27 39 52 
1675 19 27 52 70 
1676 19 58 
1677 19 
1678 19 
1679 19 
1680 19 52 
1681 19 39 94 108 
1682 19 48 71 
1683 19 27 39 52 
1684 19 27 39 52 
1685 19 27 52 
1686 19 27 39 47 52 91 
1687 19 22 67 
1688 19 
1689 19 47 56 110 
1690 19 52 56 66 71 80 103 110 
1691 19 
1692 19 21 27 45 108 
1693 19 27 30 39 66 
1694 19 80 
1695 19 47 66 68 83 100 
1696 19 
1697 19 27 33 89 104 
1698 19 27 47 52 54 55 57 94 
1699 19 47 62 66 70 102 108 109 
1700 19 80 
1701 19 108 
1702 19 
1703 19 
1704 19 
1705 19 
1706 19 
1707 19 
1708 19 52 
1709 19 
1710 19 
1711 19 
1712 19 22 55 66 108 
1713 19 
1714 19 52 
1715 19 21 22 28 45 103 
1716 19 52 53 54 55 56 103 
1717 19 27 39 48 49 52 55 56 89 94 100 101 102 103 
1718 19 
1719 19 48 
1720 19 39 80 102 
1721 19 
1722 19 80 102 
1723 19 
1724 19 
1725 19 39 45 66 100 
1726 19 45 110 
1727 19 103 
1728 19 
1729 19 
1730 19 
1731 19 101 
1732 19 66 108 
1733 19 
1734 19 32 71 
1735 19 27 
1736 19 27 35 
1737 19 
1738 19 
1739 19 67 
1740 19 27 39 91 
1741 19 52 71 
1742 19 
1743 19 45 110 
1744 19 
1745 19 
1746 19 27 45 47 49 69 101 110 
1747 19 52 66 108 110 
1748 19 
1749 19 27 47 56 83 103 104 
1750 19 108 
1751 19 47 48 66 101 102 103 
1752 19 
1753 19 39 66 
1754 19 108 
1755 19 45 48 
1756 19 66 
1757 19 47 48 62 71 103 110 
1758 19 103 
1759 19 
1760 19 
1761 19 47 48 49 110 
1762 19 27 
1763 19 
1764 19 83 103 
1765 19 
1766 19 27 32 52 100 108 
1767 19 
1768 19 27 66 80 
1769 21 47 49 108 
1770 21 22 67 
1771 21 45 80 110 
1772 21 
1773 21 
1774 21 66 
1775 21 
1776 21 47 52 55 104 
1777 21 
1778 21 45 70 
1779 21 
1780 21 
1781 21 
1782 21 22 27 45 47 48 51 55 62 89 100 108 110 
1783 21 
1784 21 27 39 45 52 57 103 110 
1785 21 
1786 21 39 69 110 
1787 21 
1788 21 48 50 51 69 103 110 
1789 21 
1790 21 22 32 45 47 63 91 103 
1791 21 45 
1792 21 
1793 21 45 
1794 21 
1795 22 56 79 
1796 22 58 110 
1797 22 45 66 103 
1798 22 45 47 63 110 
1799 22 47 54 71 103 
1800 22 45 55 66 
1801 22 110 
1802 22 48 70 98 108 
1803 22 27 39 48 49 52 62 66 101 104 110 
1804 22 27 39 52 103 104 
1805 22 27 45 47 55 56 103 104 110 
1806 22 110 
1807 22 27 45 47 48 49 54 55 89 103 104 
1808 22 35 47 68 
1809 22 49 
1810 22 27 49 52 54 66 103 
1811 22 63 
1812 22 27 45 47 48 52 62 68 69 71 94 108 
1813 22 85 
1814 22 
1815 22 
1816 22 103 
1817 22 
1818 22 
1819 22 27 108 110 
1820 22 27 28 
1821 22 52 56 67 
1822 22 27 52 100 
1823 22 47 
1824 22 33 55 67 
1825 22 
1826 22 45 101 110 
1827 22 63 
1828 22 63 
1829 22 27 52 54 55 56 62 63 66 103 
1830 22 
1831 22 45 104 
1832 22 52 53 54 
1833 22 27 63 
1834 22 
1835 22 47 
1836 22 
1837 22 45 
1838 22 
1839 22 45 110 
1840 22 50 66 89 
1841 22 
1842 22 52 
1843 24 
1844 27 47 66 98 
1845 27 48 54 66 
1846 27 
1847 27 48 66 104 108 
1848 27 
1849 27 39 43 48 66 
1850 27 
1851 27 47 48 51 
1852 27 
1853 27 52 53 54 56 66 103 104 108 
1854 27 53 54 56 103 104 
1855 27 
1856 27 
1857 27 
1858 27 52 
1859 27 53 55 56 103 
1860 27 
1861 27 39 52 103 
1862 27 
1863 27 
1864 27 
1865 27 
1866 27 103 
1867 27 
1868 27 
1869 27 28 52 103 
1870 27 
1871 27 54 55 103 104 
1872 27 55 103 
1873 27 52 54 103 104 
1874 27 52 103 
1875 27 
1876 27 52 
1877 27 
1878 27 103 
1879 27 
1880 27 
1881 27 
1882 27 
1883 27 
1884 27 52 
1885 27 52 53 54 103 104 
1886 27 48 54 
1887 27 28 33 47 54 91 
1888 27 63 
1889 27 56 
1890 27 
1891 27 48 52 54 89 103 
1892 27 
1893 27 66 
1894 27 52 53 54 55 56 103 104 
1895 27 52 53 55 56 
1896 27 52 53 54 56 
1897 27 52 
1898 27 52 53 54 55 56 83 
1899 27 52 
1900 27 52 54 56 
1901 27 39 
1902 27 83 
1903 27 
1904 27 53 54 
1905 27 28 52 
1906 27 51 56 103 104 
1907 27 
1908 27 52 56 
1909 27 39 49 52 
1910 27 
1911 27 55 
1912 27 
1913 27 32 48 49 52 53 54 56 80 102 103 104 
1914 27 
1915 27 
1916 27 
1917 27 
1918 27 47 54 66 83 
1919 27 35 45 47 49 52 
1920 27 39 52 54 55 56 67 103 104 
1921 27 
1922 27 45 52 66 89 103 
1923 27 52 63 
1924 27 
1925 27 
1926 27 
1927 27 
1928 27 52 100 
1929 27 
1930 27 
1931 27 39 
1932 27 
1933 27 39 
1934 27 
1935 27 37 52 53 54 55 103 104 
1936 27 
1937 27 52 53 55 
1938 27 48 49 66 
1939 27 
1940 27 
1941 27 50 66 
1942 27 
1943 27 
1944 27 90 
1945 27 56 
1946 27 
1947 27 
1948 27 
1949 27 
1950 27 56 103 
1951 27 56 
1952 27 
1953 27 52 
1954 27 47 52 
1955 27 
1956 27 103 104 
1957 27 
1958 27 
1959 27 
1960 27 
1961 27 
1962 27 52 
1963 27 
1964 27 
1965 27 52 53 54 55 56 66 103 
1966 27 66 70 
1967 27 
1968 27 
1969 27 94 100 
1970 27 
1971 27 
1972 27 
1973 27 
1974 27 39 47 48 52 68 74 103 
1975 27 
1976 27 52 57 103 
1977 27 
1978 27 
1979 27 56 108 
1980 27 102 
1981 27 
1982 27 103 
1983 27 
1984 27 66 
1985 27 66 
1986 27 
1987 27 
1988 27 
1989 27 
1990 27 39 62 76 
1991 27 66 
1992 27 52 71 83 98 104 
1993 27 
1994 27 39 76 
1995 27 
1996 27 
1997 27 66 
1998 27 
1999 27 49 57 
2000 27 
2001 27 33 
2002 27 
2003 27 57 
2004 27 33 49 52 66 
2005 27 33 49 66 103 108 
2006 27 52 
2007 27 
2008 27 
2009 27 
2010 27 39 66 70 
2011 27 
2012 27 
2013 27 
2014 27 49 
2015 27 39 
2016 27 
2017 27 
2018 27 54 67 103 
2019 27 55 
2020 27 
2021 27 
2022 27 103 104 
2023 27 
2024 27 52 103 
2025 27 
2026 27 57 
2027 27 48 103 
2028 27 48 108 
2029 27 
2030 27 
2031 27 89 
2032 27 
2033 27 39 47 48 50 52 108 
2034 27 
2035 27 33 47 103 
2036 27 67 
2037 27 
2038 27 
2039 27 
2040 27 
2041 27 33 47 66 
2042 27 48 51 103 
2043 27 55 
2044 27 
2045 27 
2046 27 
2047 27 
2048 27 
2049 27 28 66 
2050 27 45 54 66 93 103 110 
2051 27 48 104 
2052 27 
2053 27 62 66 
2054 27 
2055 27 
2056 27 
2057 27 
2058 27 
2059 27 52 
2060 27 
2061 27 70 
2062 27 
2063 27 49 103 
2064 27 
2065 27 
2066 27 28 32 48 101 
2067 27 33 
2068 27 39 
2069 27 
2070 27 104 
2071 27 
2072 27 45 71 
2073 27 55 
2074 27 103 
2075 27 
2076 27 
2077 27 
2078 27 
2079 27 
2080 27 
2081 27 
2082 27 
2083 27 47 48 
2084 27 104 
2085 27 37 39 54 104 
2086 27 
2087 27 
2088 27 
2089 27 
2090 27 
2091 27 
2092 27 
2093 27 
2094 27 
2095 27 52 104 
2096 27 
2097 27 39 102 
2098 27 98 
2099 27 66 70 83 
2100 27 39 74 
2101 27 66 
2102 27 
2103 27 
2104 27 48 
2105 27 
2106 27 
2107 27 104 
2108 27 37 48 103 104 
2109 27 
2110 27 43 49 52 103 
2111 27 
2112 27 52 
2113 27 
2114 27 68 
2115 27 32 51 57 
2116 27 
2117 27 
2118 27 
2119 27 52 
2120 27 
2121 27 49 66 
2122 27 
2123 27 
2124 27 66 
2125 27 
2126 27 52 103 
2127 27 66 
2128 27 66 
2129 27 
2130 27 
2131 27 66 
2132 27 
2133 27 53 55 56 
2134 27 
2135 27 
2136 27 66 
2137 27 
2138 27 
2139 27 39 45 49 103 
2140 27 
2141 27 66 68 
2142 27 
2143 27 62 66 74 
2144 27 
2145 27 66 70 
2146 27 70 
2147 27 
2148 27 
2149 27 
2150 27 
2151 27 33 43 45 47 49 
2152 27 104 
2153 27 
2154 27 47 54 
2155 27 47 48 51 52 54 
2156 27 39 52 
2157 27 39 47 48 49 52 55 70 
2158 27 
2159 27 56 
2160 27 
2161 27 
2162 27 
2163 27 45 49 66 89 
2164 27 66 
2165 27 52 56 
2166 27 
2167 27 52 66 
2168 27 
2169 27 
2170 27 
2171 27 
2172 27 
2173 27 
2174 27 52 54 57 89 100 
2175 27 
2176 27 48 
2177 27 48 
2178 27 52 
2179 27 
2180 27 66 
2181 27 
2182 27 
2183 27 100 
2184 27 47 49 52 54 
2185 27 
2186 27 
2187 27 
2188 27 33 47 66 108 
2189 27 
2190 27 
2191 27 32 57 104 
2192 27 48 52 66 83 
2193 27 
2194 27 
2195 27 52 103 
2196 27 39 89 
2197 27 52 
2198 27 57 
2199 27 
2200 27 32 47 49 52 54 57 74 104 
2201 27 
2202 27 103 
2203 27 52 
2204 27 
2205 27 
2206 27 55 
2207 27 
2208 27 66 71 89 103 108 
2209 27 
2210 27 49 71 
2211 27 
2212 27 54 104 
2213 27 28 52 54 94 100 
2214 27 98 
2215 27 
2216 27 
2217 27 52 
2218 27 47 48 110 
2219 27 
2220 27 
2221 27 
2222 27 
2223 27 33 
2224 27 
2225 27 
2226 27 47 
2227 27 37 39 54 
2228 27 52 66 
2229 27 
2230 27 
2231 27 52 
2232 27 
2233 27 52 103 104 108 
2234 27 83 105 
2235 27 
2236 27 
2237 27 52 
2238 27 52 
2239 27 
2240 27 28 49 52 54 56 62 103 108 
2241 27 
2242 27 
2243 27 
2244 27 39 
2245 27 104 
2246 27 
2247 27 
2248 27 66 
2249 27 52 
2250 27 
2251 27 
2252 27 
2253 27 32 45 49 55 57 89 
2254 27 39 
2255 27 56 
2256 27 
2257 27 
2258 27 
2259 27 
2260 27 
2261 27 
2262 27 
2263 27 
2264 27 
2265 27 
2266 27 
2267 27 52 55 
2268 27 
2269 27 
2270 27 
2271 27 67 
2272 27 103 
2273 27 
2274 27 
2275 27 
2276 27 
2277 27 89 
2278 27 
2279 27 
2280 27 
2281 27 47 100 
2282 27 33 71 
2283 27 
2284 27 
2285 27 
2286 27 54 
2287 27 
2288 27 89 
2289 27 53 
2290 27 
2291 27 66 
2292 27 48 52 
2293 27 
2294 27 
2295 27 52 54 103 
2296 27 54 103 104 
2297 27 
2298 27 
2299 27 
2300 27 49 62 104 
2301 27 47 52 103 
2302 27 33 
2303 27 
2304 27 39 52 54 55 
2305 27 52 53 54 55 56 103 104 
2306 27 48 52 
2307 27 47 48 51 62 63 103 
2308 27 28 52 54 55 56 83 
2309 27 43 
2310 27 43 85 
2311 27 52 
2312 27 
2313 27 48 52 66 
2314 27 110 
2315 27 
2316 27 
2317 27 
2318 27 
2319 27 52 63 102 
2320 27 
2321 27 
2322 27 
2323 27 
2324 27 47 103 
2325 27 47 103 
2326 27 54 
2327 27 
2328 27 
2329 27 
2330 27 
2331 27 
2332 27 
2333 27 103 
2334 27 
2335 27 
2336 27 
2337 27 
2338 27 
2339 27 
2340 27 
2341 27 
2342 27 110 
2343 27 
2344 27 
2345 27 
2346 27 
2347 27 
2348 27 
2349 27 
2350 27 
2351 27 
2352 27 
2353 27 
2354 27 52 104 
2355 27 
2356 27 
2357 27 
2358 27 
2359 27 
2360 27 
2361 27 
2362 27 
2363 27 
2364 27 
2365 27 48 
2366 27 85 
2367 27 
2368 27 66 
2369 27 
2370 27 
2371 27 
2372 27 
2373 27 
2374 27 
2375 27 
2376 27 
2377 27 
2378 27 
2379 27 
2380 27 66 
2381 27 
2382 27 52 54 66 
2383 27 
2384 27 
2385 27 
2386 27 
2387 27 
2388 27 
2389 27 
2390 27 
2391 27 
2392 27 
2393 27 
2394 27 
2395 27 
2396 27 52 55 103 
2397 27 48 
2398 27 103 
2399 27 103 
2400 27 47 48 49 70 103 
2401 27 
2402 27 54 
2403 27 
2404 27 
2405 27 103 
2406 27 54 
2407 27 
2408 27 
2409 27 89 
2410 27 
2411 27 53 89 103 
2412 27 
2413 27 33 39 89 
2414 27 
2415 27 48 100 
2416 27 
2417 27 103 
2418 27 
2419 27 
2420 27 
2421 27 45 63 103 
2422 27 
2423 27 
2424 27 
2425 27 
2426 27 
2427 27 
2428 27 
2429 27 28 52 53 54 56 83 103 
2430 27 
2431 27 28 
2432 27 
2433 27 
2434 27 
2435 27 
2436 27 
2437 27 
2438 27 
2439 27 
2440 27 103 
2441 27 
2442 27 
2443 27 
2444 27 55 103 
2445 27 
2446 27 49 100 
2447 27 
2448 27 
2449 27 
2450 27 
2451 27 
2452 27 39 
2453 27 103 
2454 27 
2455 27 53 
2456 27 53 
2457 27 52 53 
2458 27 
2459 27 
2460 27 
2461 27 32 52 103 
2462 27 52 89 103 
2463 27 
2464 27 
2465 28 83 
2466 28 52 
2467 28 47 48 52 54 57 66 71 83 100 
2468 28 
2469 28 52 
2470 28 
2471 28 39 48 103 
2472 28 55 
2473 28 39 83 
2474 28 45 47 55 66 71 89 100 
2475 28 55 56 67 103 104 
2476 28 52 
2477 28 
2478 28 108 
2479 28 83 
2480 28 
2481 28 55 
2482 28 
2483 28 71 100 
2484 28 52 83 
2485 28 
2486 28 
2487 28 
2488 28 45 
2489 28 
2490 28 
2491 28 47 52 
2492 28 
2493 28 
2494 28 
2495 28 48 
2496 28 
2497 28 
2498 28 
2499 28 
2500 28 
2501 28 
2502 28 
2503 28 
2504 28 
2505 28 66 83 
2506 28 
2507 28 83 
2508 28 
2509 28 83 
2510 28 66 69 83 
2511 28 
2512 28 66 83 
2513 28 
2514 28 
2515 28 
2516 28 98 108 
2517 28 
2518 28 66 70 
2519 28 52 71 
2520 28 108 
2521 28 
2522 30 
2523 30 
2524 30 
2525 30 
2526 30 
2527 30 37 
2528 30 52 89 
2529 30 
2530 30 62 
2531 32 
2532 32 45 48 85 110 
2533 32 
2534 32 43 52 
2535 32 
2536 32 66 100 103 
2537 32 48 52 62 100 
2538 32 
2539 32 
2540 32 
2541 32 
2542 32 52 
2543 32 
2544 32 35 47 56 66 
2545 32 
2546 32 110 
2547 32 39 66 71 103 
2548 32 
2549 32 58 66 71 
2550 32 
2551 32 
2552 32 
2553 32 47 110 
2554 32 
2555 32 48 
2556 32 
2557 32 54 
2558 32 
2559 32 
2560 33 
2561 33 
2562 33 
2563 33 
2564 33 
2565 33 
2566 33 45 48 52 
2567 33 52 71 
2568 33 
2569 33 
2570 33 
2571 33 
2572 33 
2573 33 66 
2574 33 
2575 33 
2576 33 
2577 33 
2578 33 
2579 33 
2580 33 
2581 33 
2582 33 
2583 33 
2584 33 
2585 33 
2586 33 
2587 33 
2588 33 
2589 33 39 45 100 
2590 33 
2591 33 
2592 33 83 
2593 33 
2594 33 39 
2595 33 
2596 33 
2597 33 
2598 33 
2599 33 
2600 33 
2601 33 
2602 33 47 
2603 33 
2604 33 
2605 33 
2606 33 
2607 33 
2608 33 
2609 33 
2610 33 
2611 33 
2612 33 
2613 33 
2614 33 
2615 33 
2616 33 
2617 33 
2618 33 52 54 56 66 
2619 33 
2620 33 
2621 33 
2622 33 
2623 33 
2624 33 
2625 33 74 
2626 33 
2627 33 
2628 33 
2629 33 47 48 
2630 33 
2631 33 
2632 33 
2633 33 
2634 33 
2635 33 48 66 
2636 33 48 52 54 
2637 33 47 48 52 74 91 103 
2638 33 
2639 33 66 
2640 33 91 
2641 33 
2642 33 54 
2643 33 
2644 33 
2645 33 
2646 33 54 56 103 
2647 33 35 52 56 66 102 
2648 33 
2649 33 48 103 
2650 33 
2651 33 
2652 33 
2653 33 89 
2654 33 
2655 33 
2656 33 66 
2657 33 
2658 33 
2659 33 
2660 33 
2661 33 
2662 33 45 
2663 33 
2664 33 55 
2665 33 45 
2666 33 89 
2667 33 
2668 33 
2669 33 43 52 
2670 33 
2671 33 56 
2672 33 
2673 33 48 54 
2674 33 45 100 
2675 33 
2676 33 45 48 50 52 57 62 89 101 102 108 110 
2677 35 
2678 35 54 
2679 35 
2680 35 48 69 
2681 35 
2682 35 
2683 35 47 63 110 
2684 35 
2685 35 47 
2686 35 71 
2687 35 
2688 35 
2689 35 
2690 35 69 110 
2691 35 
2692 35 
2693 35 47 63 
2694 35 
2695 35 67 
2696 35 
2697 35 
2698 35 100 
2699 35 66 
2700 35 45 101 108 110 
2701 35 47 56 62 
2702 35 
2703 35 47 89 
2704 35 45 
2705 35 
2706 35 
2707 35 
2708 35 
2709 35 
2710 35 47 63 
2711 35 47 52 
2712 35 
2713 35 47 
2714 35 
2715 35 66 91 
2716 35 
2717 35 
2718 35 
2719 35 
2720 37 
2721 37 39 
2722 37 39 52 104 
2723 37 
2724 37 52 103 
2725 37 39 
2726 37 
2727 37 
2728 37 
2729 37 
2730 37 39 52 56 
2731 37 83 
2732 37 
2733 37 52 
2734 37 
2735 37 
2736 37 48 
2737 37 
2738 37 104 
2739 39 54 
2740 39 55 62 
2741 39 
2742 39 
2743 39 
2744 39 
2745 39 
2746 39 
2747 39 
2748 39 102 
2749 39 
2750 39 47 66 91 
2751 39 
2752 39 52 
2753 39 52 
2754 39 
2755 39 47 49 51 68 91 94 100 110 
2756 39 
2757 39 
2758 39 
2759 39 
2760 39 49 103 
2761 39 91 102 
2762 39 
2763 39 94 
2764 39 
2765 39 
2766 39 52 68 
2767 39 52 90 91 
2768 39 
2769 39 52 
2770 39 91 
2771 39 
2772 39 
2773 39 
2774 39 52 
2775 39 47 48 49 52 56 63 66 
2776 39 
2777 39 
2778 39 45 47 66 67 
2779 39 
2780 39 
2781 39 47 100 
2782 39 48 101 108 
2783 39 
2784 39 83 
2785 39 48 
2786 39 
2787 39 
2788 39 
2789 39 
2790 39 52 
2791 39 
2792 39 91 
2793 39 52 
2794 39 54 
2795 39 
2796 39 
2797 39 
2798 39 
2799 39 
2800 39 
2801 39 
2802 39 
2803 39 
2804 39 
2805 39 
2806 39 
2807 39 
2808 39 103 
2809 39 45 
2810 39 
2811 39 
2812 39 
2813 39 
2814 39 
2815 39 
2816 39 52 
2817 39 110 
2818 39 
2819 39 
2820 39 
2821 39 
2822 39 
2823 39 
2824 39 
2825 39 68 
2826 39 
2827 39 68 74 
2828 39 48 
2829 39 100 
2830 39 47 101 
2831 39 
2832 39 90 
2833 39 
2834 39 
2835 39 
2836 39 66 
2837 39 
2838 39 
2839 39 
2840 39 
2841 39 
2842 39 
2843 39 
2844 39 62 
2845 39 
2846 39 47 48 49 89 
2847 39 74 
2848 39 
2849 39 
2850 39 47 48 52 54 89 103 
2851 39 
2852 39 49 
2853 39 
2854 39 
2855 39 
2856 39 
2857 39 
2858 39 
2859 39 66 108 
2860 39 
2861 39 
2862 39 
2863 39 74 
2864 39 
2865 39 108 
2866 39 103 
2867 39 
2868 39 52 
2869 39 
2870 39 52 
2871 39 
2872 39 
2873 39 
2874 39 
2875 39 
2876 39 
2877 39 
2878 39 
2879 39 66 91 
2880 39 
2881 39 
2882 39 
2883 39 47 
2884 39 
2885 39 
2886 39 
2887 39 53 103 
2888 39 
2889 39 
2890 39 
2891 39 
2892 39 
2893 39 
2894 41 
2895 43 54 55 103 
2896 43 
2897 43 54 
2898 43 52 56 66 103 
2899 43 48 52 56 
2900 43 
2901 43 
2902 43 
2903 43 89 
2904 43 
2905 43 
2906 43 52 
2907 43 45 48 70 91 
2908 43 
2909 43 
2910 43 52 
2911 43 52 
2912 43 66 
2913 43 52 
2914 43 
2915 43 
2916 43 
2917 45 47 48 67 103 110 
2918 45 
2919 45 
2920 45 
2921 45 47 
2922 45 48 
2923 45 110 
2924 45 55 110 
2925 45 67 110 
2926 45 
2927 45 110 
2928 45 49 70 
2929 45 
2930 45 66 
2931 45 52 
2932 45 
2933 45 
2934 45 
2935 45 47 
2936 45 
2937 45 63 
2938 45 
2939 45 
2940 45 
2941 45 47 54 
2942 45 52 102 
2943 45 
2944 45 
2945 45 
2946 45 110 
2947 45 52 
2948 45 
2949 45 100 
2950 45 
2951 45 52 
2952 45 
2953 45 
2954 45 
2955 45 110 
2956 45 
2957 45 
2958 45 
2959 45 
2960 45 47 71 100 
2961 45 
2962 45 
2963 45 
2964 45 
2965 45 
2966 45 67 110 
2967 45 89 103 
2968 45 
2969 45 
2970 45 62 69 101 
2971 45 
2972 45 57 66 
2973 45 54 66 83 103 
2974 45 47 49 52 55 57 
2975 45 
2976 45 
2977 45 
2978 45 54 66 67 
2979 45 
2980 45 
2981 45 66 83 
2982 45 52 
2983 45 104 
2984 45 
2985 45 110 
2986 45 
2987 45 
2988 45 66 
2989 45 
2990 45 103 
2991 45 
2992 45 
2993 45 
2994 45 
2995 45 
2996 45 
2997 45 
2998 45 
2999 45 
3000 45 52 55 57 66 100 103 108 
3001 45 
3002 45 47 71 103 
3003 45 108 
3004 45 51 
3005 45 
3006 45 66 
3007 45 48 57 110 
3008 45 
3009 45 52 55 103 
3010 45 101 102 108 
3011 45 
3012 45 98 
3013 45 
3014 45 63 66 
3015 45 
3016 45 
3017 45 48 71 
3018 45 
3019 45 
3020 45 
3021 45 83 
3022 45 62 
3023 45 
3024 45 
3025 45 
3026 45 52 
3027 45 66 
3028 45 
3029 45 
3030 45 
3031 45 
3032 45 55 
3033 45 
3034 45 83 
3035 45 52 
3036 45 
3037 45 
3038 45 
3039 45 47 52 66 69 110 
3040 45 49 103 110 
3041 45 47 63 67 108 
3042 45 48 49 101 
3043 45 
3044 45 108 
3045 45 47 48 63 110 
3046 45 47 62 
3047 45 63 
3048 45 
3049 45 47 48 54 62 66 98 
3050 45 
3051 45 89 
3052 45 
3053 45 48 52 103 
3054 45 67 
3055 47 108 
3056 47 
3057 47 
3058 47 
3059 47 
3060 47 
3061 47 
3062 47 
3063 47 
3064 47 108 
3065 47 55 
3066 47 66 
3067 47 54 66 108 
3068 47 108 
3069 47 
3070 47 48 108 
3071 47 108 
3072 47 51 
3073 47 
3074 47 
3075 47 
3076 47 
3077 47 
3078 47 108 
3079 47 
3080 47 
3081 47 71 
3082 47 
3083 47 
3084 47 66 
3085 47 
3086 47 63 
3087 47 48 
3088 47 48 
3089 47 52 
3090 47 
3091 47 
3092 47 
3093 47 108 
3094 47 
3095 47 108 
3096 47 66 93 
3097 47 66 68 
3098 47 
3099 47 
3100 47 
3101 47 
3102 47 
3103 47 48 67 102 103 108 
3104 47 67 108 
3105 47 
3106 47 
3107 47 
3108 47 66 108 
3109 47 108 
3110 47 48 103 
3111 47 
3112 47 102 
3113 47 
3114 47 
3115 47 108 
3116 47 48 52 103 
3117 47 63 110 
3118 47 
3119 47 
3120 47 48 110 
3121 47 
3122 47 
3123 47 
3124 47 
3125 47 108 
3126 47 
3127 47 48 
3128 47 66 
3129 47 63 66 
3130 47 
3131 47 
3132 47 52 53 
3133 47 48 50 67 71 110 
3134 47 
3135 47 
3136 47 
3137 47 108 
3138 47 
3139 47 48 
3140 47 
3141 47 50 108 
3142 47 48 52 100 103 
3143 47 
3144 47 48 
3145 47 
3146 47 
3147 47 
3148 47 52 
3149 47 
3150 47 
3151 47 103 
3152 47 
3153 47 108 
3154 47 51 
3155 47 
3156 47 
3157 47 
3158 47 
3159 47 
3160 47 48 
3161 47 48 
3162 47 
3163 47 48 
3164 47 
3165 47 
3166 47 
3167 47 
3168 47 48 
3169 47 80 
3170 47 
3171 47 
3172 47 
3173 47 
3174 47 66 
3175 47 52 71 
3176 47 66 
3177 47 55 
3178 47 
3179 47 108 
3180 47 66 
3181 47 
3182 47 
3183 47 71 
3184 47 
3185 47 
3186 47 
3187 47 
3188 47 
3189 47 
3190 47 48 52 54 
3191 47 63 
3192 47 
3193 47 
3194 47 
3195 47 48 52 56 66 
3196 47 52 83 
3197 47 
3198 47 
3199 47 48 50 66 91 110 
3200 47 
3201 47 98 
3202 47 108 
3203 47 48 63 
3204 47 48 54 100 
3205 47 
3206 47 66 
3207 47 108 
3208 47 
3209 47 
3210 47 
3211 47 
3212 47 
3213 47 51 52 102 
3214 47 
3215 47 
3216 47 48 
3217 47 
3218 47 
3219 47 66 
3220 47 
3221 47 52 
3222 47 108 
3223 47 
3224 47 
3225 47 
3226 47 
3227 47 48 101 
3228 47 
3229 47 
3230 47 
3231 47 
3232 47 48 74 
3233 47 108 
3234 47 
3235 47 
3236 47 
3237 47 
3238 47 
3239 47 
3240 47 
3241 47 
3242 47 48 51 108 
3243 47 
3244 47 52 91 
3245 47 
3246 47 
3247 47 
3248 47 
3249 47 100 
3250 47 101 108 
3251 47 
3252 47 
3253 47 71 
3254 47 69 71 
3255 47 52 
3256 47 
3257 47 
3258 47 
3259 47 
3260 47 
3261 47 49 63 110 
3262 47 63 68 93 
3263 47 
3264 47 49 70 
3265 47 
3266 47 52 100 103 
3267 47 
3268 47 
3269 47 69 
3270 47 
3271 47 48 
3272 47 67 
3273 47 66 
3274 47 54 
3275 47 
3276 47 
3277 47 
3278 47 
3279 47 48 
3280 47 
3281 47 
3282 47 48 
3283 47 
3284 47 
3285 47 
3286 47 
3287 47 
3288 47 
3289 47 
3290 47 
3291 47 
3292 47 
3293 47 
3294 47 66 
3295 47 
3296 47 
3297 47 66 
3298 47 
3299 47 
3300 47 
3301 47 
3302 47 67 
3303 47 
3304 47 52 54 56 66 
3305 48 52 55 66 103 
3306 48 57 108 
3307 48 52 83 103 104 
3308 48 101 
3309 48 
3310 48 
3311 48 
3312 48 71 
3313 48 66 102 
3314 48 
3315 48 
3316 48 
3317 48 50 
3318 48 103 
3319 48 
3320 48 51 
3321 48 
3322 48 
3323 48 51 
3324 48 
3325 48 
3326 48 
3327 48 
3328 48 
3329 48 
3330 48 
3331 48 
3332 48 66 
3333 48 
3334 48 
3335 48 51 
3336 48 
3337 48 
3338 48 
3339 48 
3340 48 49 
3341 48 
3342 48 54 66 
3343 48 52 
3344 48 
3345 48 
3346 48 
3347 48 
3348 48 52 67 
3349 48 
3350 48 
3351 48 52 54 
3352 48 
3353 48 52 102 104 
3354 48 49 
3355 48 
3356 48 66 108 
3357 48 
3358 48 
3359 48 102 
3360 48 
3361 48 
3362 48 
3363 48 
3364 48 69 
3365 48 52 
3366 48 
3367 48 
3368 48 63 
3369 48 63 
3370 48 66 
3371 48 102 
3372 48 
3373 48 104 
3374 48 
3375 48 
3376 48 
3377 48 
3378 48 
3379 48 
3380 48 
3381 48 66 
3382 48 100 101 
3383 48 
3384 48 52 
3385 48 
3386 48 66 
3387 48 
3388 48 
3389 48 
3390 48 
3391 48 
3392 48 
3393 48 80 
3394 48 
3395 48 
3396 48 
3397 48 51 
3398 48 
3399 48 
3400 48 
3401 48 
3402 48 
3403 48 
3404 48 56 
3405 48 
3406 48 
3407 48 
3408 48 
3409 48 
3410 48 
3411 48 
3412 48 
3413 48 51 57 83 91 108 
3414 48 
3415 48 
3416 48 
3417 48 
3418 48 91 
3419 48 100 
3420 48 
3421 48 
3422 48 52 89 
3423 48 
3424 48 108 
3425 48 
3426 48 
3427 48 
3428 48 
3429 48 54 
3430 48 
3431 48 52 
3432 48 
3433 48 
3434 48 
3435 48 98 
3436 48 
3437 48 
3438 48 
3439 48 
3440 48 66 
3441 48 56 71 110 
3442 48 
3443 48 103 110 
3444 48 
3445 48 
3446 48 52 83 
3447 48 
3448 48 
3449 48 
3450 48 
3451 48 
3452 48 
3453 48 
3454 48 
3455 48 
3456 48 
3457 48 103 
3458 48 
3459 48 98 
3460 48 
3461 48 
3462 48 49 71 
3463 48 
3464 48 
3465 48 
3466 48 
3467 48 103 
3468 48 66 
3469 48 
3470 48 
3471 48 
3472 48 
3473 48 
3474 48 110 
3475 48 
3476 48 
3477 48 
3478 48 
3479 48 
3480 48 
3481 48 
3482 48 
3483 48 
3484 48 110 
3485 48 
3486 48 
3487 48 
3488 48 
3489 48 
3490 48 57 101 103 
3491 48 
3492 48 
3493 48 
3494 48 
3495 48 
3496 48 
3497 48 
3498 48 50 66 91 
3499 48 
3500 48 51 52 
3501 48 
3502 48 66 
3503 48 62 108 
3504 48 67 
3505 48 56 103 
3506 48 
3507 48 
3508 48 51 
3509 48 102 108 
3510 48 
3511 48 
3512 48 
3513 48 
3514 48 
3515 48 
3516 48 52 
3517 48 
3518 48 
3519 48 
3520 48 
3521 48 
3522 48 51 56 
3523 48 52 
3524 48 69 
3525 48 
3526 48 
3527 48 
3528 48 
3529 48 
3530 48 
3531 48 
3532 48 58 70 
3533 48 52 
3534 49 
3535 49 68 
3536 49 
3537 49 54 57 89 100 103 
3538 49 103 110 
3539 49 
3540 49 
3541 49 
3542 49 
3543 49 
3544 49 100 
3545 49 
3546 49 
3547 49 
3548 49 
3549 49 66 
3550 49 
3551 49 
3552 49 
3553 49 
3554 49 
3555 49 63 66 
3556 49 
3557 49 63 
3558 49 66 103 
3559 49 108 
3560 49 66 
3561 49 66 91 108 110 
3562 49 
3563 49 103 
3564 49 
3565 49 
3566 49 
3567 49 
3568 49 
3569 49 
3570 49 
3571 49 
3572 49 
3573 49 103 
3574 49 
3575 49 
3576 49 
3577 49 
3578 49 
3579 49 
3580 49 
3581 49 
3582 49 
3583 49 55 
3584 49 103 
3585 49 98 
3586 49 
3587 49 
3588 49 
3589 49 
3590 49 
3591 49 51 57 70 
3592 49 
3593 49 
3594 49 
3595 49 
3596 49 58 66 70 
3597 49 
3598 49 
3599 49 
3600 49 
3601 49 
3602 49 
3603 49 54 
3604 49 
3605 49 
3606 49 
3607 49 
3608 49 
3609 49 69 
3610 49 
3611 49 
3612 49 
3613 49 
3614 49 
3615 49 
3616 49 
3617 49 
3618 49 102 103 
3619 49 
3620 49 
3621 49 52 
3622 50 
3623 50 
3624 50 
3625 50 66 
3626 50 
3627 50 
3628 50 
3629 50 52 66 
3630 50 100 
3631 50 
3632 50 
3633 50 52 
3634 50 52 
3635 50 100 101 
3636 50 
3637 50 
3638 50 
3639 50 66 68 100 
3640 50 
3641 50 
3642 50 
3643 50 66 98 
3644 50 
3645 50 67 103 
3646 50 108 
3647 50 101 
3648 51 
3649 51 
3650 51 58 63 98 
3651 51 100 
3652 51 
3653 51 
3654 51 
3655 51 
3656 51 58 66 
3657 51 
3658 51 
3659 51 
3660 51 63 66 67 
3661 51 66 67 
3662 51 
3663 51 
3664 51 
3665 51 
3666 51 
3667 51 
3668 51 
3669 52 
3670 52 
3671 52 
3672 52 53 56 104 
3673 52 
3674 52 
3675 52 
3676 52 
3677 52 53 54 104 
3678 52 
3679 52 
3680 52 
3681 52 53 56 
3682 52 56 66 
3683 52 
3684 52 
3685 52 53 54 56 104 
3686 52 
3687 52 
3688 52 
3689 52 103 
3690 52 83 
3691 52 
3692 52 
3693 52 56 
3694 52 
3695 52 
3696 52 55 56 
3697 52 
3698 52 
3699 52 103 104 
3700 52 
3701 52 
3702 52 
3703 52 54 103 
3704 52 
3705 52 
3706 52 55 
3707 52 53 104 
3708 52 
3709 52 66 
3710 52 
3711 52 
3712 52 
3713 52 56 66 70 
3714 52 
3715 52 104 
3716 52 
3717 52 
3718 52 
3719 52 56 
3720 52 
3721 52 
3722 52 
3723 52 
3724 52 
3725 52 
3726 52 
3727 52 70 
3728 52 108 
3729 52 
3730 52 
3731 52 
3732 52 
3733 52 
3734 52 
3735 52 
3736 52 
3737 52 
3738 52 
3739 52 
3740 52 
3741 52 
3742 52 102 
3743 52 56 
3744 52 
3745 52 
3746 52 
3747 52 
3748 52 56 110 
3749 52 
3750 52 56 103 
3751 52 
3752 52 66 91 
3753 52 
3754 52 
3755 52 
3756 52 
3757 52 
3758 52 56 110 
3759 52 54 55 56 83 104 110 
3760 52 
3761 52 66 
3762 52 
3763 52 54 
3764 52 55 
3765 52 66 
3766 52 
3767 52 54 
3768 52 
3769 52 
3770 52 
3771 52 
3772 52 
3773 52 
3774 52 
3775 52 
3776 52 
3777 52 66 
3778 52 89 
3779 52 
3780 52 
3781 52 
3782 52 
3783 52 
3784 52 
3785 52 
3786 52 
3787 52 
3788 52 
3789 52 
3790 52 55 
3791 52 
3792 52 
3793 52 104 
3794 52 
3795 52 
3796 52 
3797 52 
3798 52 
3799 52 
3800 52 
3801 52 
3802 52 54 55 67 103 104 
3803 52 
3804 52 
3805 52 66 
3806 52 
3807 52 
3808 52 
3809 52 
3810 52 56 102 
3811 52 57 
3812 52 54 
3813 52 
3814 52 
3815 52 57 
3816 52 
3817 52 
3818 52 
3819 52 
3820 52 
3821 52 
3822 52 55 57 
3823 52 103 
3824 52 
3825 52 
3826 52 57 
3827 52 
3828 52 57 
3829 52 
3830 52 
3831 52 66 
3832 52 
3833 52 69 
3834 52 
3835 52 
3836 52 
3837 52 
3838 52 
3839 52 
3840 52 
3841 52 
3842 52 
3843 52 103 
3844 52 
3845 52 
3846 52 104 
3847 52 
3848 52 
3849 52 
3850 52 
3851 52 
3852 52 
3853 52 
3854 52 
3855 52 
3856 52 
3857 52 
3858 52 
3859 52 
3860 52 
3861 52 
3862 52 
3863 52 
3864 52 
3865 52 
3866 52 56 
3867 52 
3868 52 103 
3869 52 
3870 52 
3871 52 
3872 52 56 80 89 
3873 52 
3874 52 
3875 52 
3876 52 
3877 52 54 
3878 52 54 
3879 52 
3880 52 
3881 52 
3882 52 55 103 
3883 52 
3884 52 
3885 52 
3886 52 
3887 52 
3888 52 
3889 52 57 89 
3890 52 
3891 52 
3892 52 89 
3893 52 103 
3894 52 
3895 52 
3896 52 
3897 52 89 
3898 52 
3899 52 
3900 52 
3901 52 
3902 52 
3903 52 
3904 52 
3905 52 
3906 52 
3907 52 
3908 52 
3909 52 
3910 52 
3911 52 
3912 52 
3913 52 
3914 52 
3915 52 
3916 52 
3917 52 
3918 52 
3919 52 
3920 52 
3921 52 
3922 52 56 89 
3923 52 
3924 52 
3925 52 
3926 52 
3927 52 
3928 52 
3929 52 
3930 52 
3931 52 
3932 52 
3933 52 56 103 
3934 52 
3935 52 56 
3936 52 
3937 52 
3938 52 
3939 52 
3940 52 
3941 52 
3942 52 
3943 52 
3944 52 
3945 52 
3946 52 
3947 52 56 
3948 52 
3949 52 
3950 52 
3951 52 
3952 52 
3953 52 
3954 52 103 
3955 52 
3956 52 
3957 52 
3958 52 
3959 52 
3960 52 
3961 52 
3962 52 
3963 52 54 103 
3964 52 
3965 52 
3966 52 
3967 52 
3968 52 
3969 52 
3970 52 
3971 52 
3972 52 
3973 52 
3974 52 
3975 52 
3976 52 
3977 52 
3978 52 
3979 52 
3980 52 
3981 52 
3982 52 
3983 52 
3984 52 
3985 52 
3986 52 
3987 52 
3988 52 
3989 52 
3990 52 
3991 52 
3992 52 53 
3993 52 102 
3994 52 
3995 52 
3996 52 
3997 52 
3998 52 
3999 52 
4000 52 
4001 52 63 
4002 52 
4003 52 
4004 52 
4005 52 
4006 52 
4007 52 
4008 52 
4009 52 
4010 52 
4011 52 
4012 52 89 
4013 52 
4014 52 
4015 52 71 
4016 52 
4017 52 
4018 52 103 
4019 52 
4020 52 
4021 52 
4022 52 
4023 52 
4024 52 
4025 52 
4026 52 
4027 52 
4028 52 56 
4029 52 
4030 52 
4031 52 
4032 52 
4033 52 
4034 52 
4035 52 
4036 52 100 
4037 52 
4038 52 
4039 52 
4040 52 
4041 52 
4042 52 
4043 52 
4044 52 
4045 52 
4046 52 83 
4047 52 
4048 52 
4049 52 
4050 52 
4051 52 
4052 52 66 
4053 52 104 
4054 52 
4055 52 
4056 52 
4057 52 
4058 52 
4059 52 
4060 52 
4061 52 
4062 52 
4063 52 
4064 52 103 
4065 52 103 
4066 52 
4067 52 
4068 52 
4069 52 
4070 52 54 104 
4071 52 
4072 52 
4073 52 
4074 52 
4075 52 
4076 52 
4077 52 
4078 52 
4079 52 
4080 52 53 54 
4081 52 55 104 
4082 52 
4083 52 
4084 52 
4085 52 
4086 52 
4087 52 
4088 52 
4089 52 
4090 52 53 
4091 52 
4092 52 
4093 52 
4094 52 
4095 52 
4096 52 
4097 52 
4098 52 
4099 52 
4100 52 
4101 52 
4102 52 
4103 52 
4104 52 
4105 52 
4106 52 
4107 52 
4108 52 
4109 52 
4110 52 
4111 52 
4112 52 
4113 52 
4114 52 
4115 52 
4116 52 
4117 52 
4118 52 
4119 52 
4120 52 
4121 52 
4122 52 
4123 52 
4124 52 
4125 52 
4126 52 
4127 52 
4128 52 
4129 52 
4130 52 
4131 52 
4132 52 
4133 52 
4134 52 
4135 52 
4136 52 
4137 52 
4138 52 
4139 52 
4140 52 
4141 52 
4142 52 
4143 52 
4144 52 
4145 52 
4146 52 
4147 52 
4148 52 
4149 52 
4150 52 
4151 52 
4152 52 
4153 52 
4154 52 
4155 52 
4156 52 
4157 52 
4158 52 
4159 52 
4160 52 
4161 52 
4162 52 
4163 52 
4164 52 
4165 52 
4166 52 
4167 52 
4168 52 
4169 52 
4170 52 
4171 52 
4172 52 
4173 52 
4174 52 
4175 52 
4176 52 
4177 52 
4178 52 
4179 52 
4180 52 
4181 52 
4182 52 
4183 52 
4184 52 
4185 52 
4186 52 
4187 52 
4188 52 
4189 52 
4190 52 
4191 52 
4192 52 
4193 53 
4194 53 
4195 53 
4196 53 
4197 53 104 
4198 53 
4199 53 
4200 53 
4201 53 
4202 53 104 
4203 53 
4204 53 
4205 53 
4206 53 56 
4207 53 
4208 53 
4209 53 
4210 53 
4211 53 
4212 53 
4213 53 
4214 53 
4215 53 
4216 53 54 103 
4217 53 56 
4218 53 
4219 53 54 56 
4220 53 
4221 53 
4222 53 
4223 53 
4224 53 
4225 53 
4226 53 
4227 53 
4228 53 
4229 53 
4230 53 110 
4231 54 56 
4232 54 104 
4233 54 
4234 54 
4235 54 
4236 54 
4237 54 
4238 54 
4239 54 100 
4240 54 
4241 54 
4242 54 
4243 54 
4244 54 
4245 54 
4246 54 
4247 54 
4248 54 
4249 54 
4250 54 
4251 54 
4252 54 
4253 54 
4254 54 
4255 54 66 98 100 
4256 54 
4257 54 
4258 54 
4259 54 104 
4260 54 56 71 104 
4261 54 
4262 54 
4263 54 
4264 54 
4265 54 
4266 54 
4267 54 
4268 54 
4269 54 
4270 54 
4271 54 
4272 54 56 
4273 54 
4274 54 55 56 103 
4275 54 
4276 54 
4277 54 
4278 54 
4279 54 
4280 54 
4281 54 
4282 54 
4283 54 
4284 54 55 83 103 104 
4285 54 56 
4286 54 
4287 54 83 
4288 54 
4289 54 
4290 54 
4291 54 
4292 54 104 
4293 54 91 104 
4294 54 
4295 54 66 
4296 54 
4297 54 
4298 54 
4299 54 
4300 54 
4301 54 
4302 54 66 
4303 54 55 103 
4304 54 
4305 54 
4306 54 
4307 54 98 103 
4308 54 
4309 54 103 
4310 54 
4311 54 
4312 54 
4313 54 
4314 54 
4315 54 
4316 54 
4317 54 
4318 54 
4319 54 
4320 54 
4321 54 
4322 54 
4323 54 
4324 54 
4325 54 
4326 54 
4327 54 
4328 54 
4329 54 
4330 54 
4331 54 
4332 54 
4333 54 103 
4334 54 
4335 54 
4336 54 
4337 54 
4338 54 
4339 54 
4340 54 
4341 54 
4342 54 
4343 54 
4344 54 
4345 54 
4346 54 
4347 54 
4348 54 
4349 54 
4350 54 
4351 54 
4352 54 
4353 54 
4354 54 
4355 54 57 103 
4356 54 66 70 
4357 54 104 
4358 54 
4359 54 
4360 54 
4361 54 100 
4362 54 
4363 54 
4364 54 
4365 54 
4366 54 
4367 54 
4368 54 
4369 54 
4370 54 56 100 
4371 54 
4372 54 
4373 54 
4374 54 63 
4375 54 
4376 54 
4377 54 
4378 54 
4379 54 
4380 54 
4381 54 
4382 54 
4383 54 
4384 54 66 
4385 55 
4386 55 
4387 55 103 
4388 55 
4389 55 
4390 55 
4391 55 
4392 55 
4393 55 
4394 55 
4395 55 
4396 55 89 
4397 55 
4398 55 
4399 55 
4400 55 
4401 55 
4402 55 
4403 55 103 
4404 55 103 104 
4405 55 103 
4406 55 56 63 103 
4407 55 
4408 55 56 103 
4409 55 56 103 
4410 55 
4411 55 56 103 
4412 55 103 
4413 55 56 103 
4414 55 56 103 
4415 55 
4416 55 103 
4417 55 62 103 
4418 55 103 
4419 55 
4420 55 
4421 55 
4422 55 
4423 55 
4424 55 
4425 55 102 
4426 55 
4427 55 
4428 55 
4429 55 
4430 55 
4431 55 
4432 55 
4433 55 
4434 55 
4435 55 
4436 55 
4437 55 
4438 55 
4439 55 
4440 55 
4441 55 
4442 55 
4443 55 
4444 55 
4445 55 
4446 55 
4447 55 103 
4448 55 
4449 55 
4450 55 
4451 55 
4452 55 103 
4453 55 
4454 55 
4455 55 
4456 55 
4457 55 
4458 55 
4459 55 
4460 55 
4461 55 
4462 55 
4463 55 
4464 55 
4465 55 
4466 55 
4467 55 
4468 55 
4469 55 
4470 55 
4471 55 
4472 55 
4473 55 
4474 55 
4475 55 
4476 55 
4477 55 
4478 55 
4479 55 
4480 55 
4481 55 103 
4482 55 83 
4483 55 
4484 55 
4485 55 
4486 55 
4487 55 
4488 55 
4489 55 
4490 55 
4491 55 
4492 55 
4493 56 
4494 56 
4495 56 
4496 56 
4497 56 
4498 56 
4499 56 103 
4500 56 57 85 
4501 56 
4502 56 
4503 56 
4504 56 
4505 56 
4506 56 
4507 56 103 
4508 56 
4509 56 
4510 56 
4511 56 
4512 56 
4513 56 66 
4514 56 
4515 56 
4516 56 
4517 56 
4518 56 
4519 56 
4520 56 
4521 56 
4522 56 
4523 56 66 
4524 56 
4525 56 
4526 56 
4527 56 
4528 56 
4529 56 
4530 56 83 
4531 56 
4532 56 
4533 56 
4534 56 
4535 56 
4536 56 
4537 56 57 
4538 56 
4539 56 103 
4540 56 
4541 56 
4542 56 
4543 56 
4544 56 
4545 56 
4546 56 80 
4547 56 
4548 56 
4549 56 
4550 56 
4551 56 
4552 56 
4553 56 
4554 56 
4555 56 
4556 56 
4557 56 
4558 56 
4559 56 
4560 56 
4561 56 
4562 57 66 
4563 57 
4564 57 66 
4565 57 
4566 57 
4567 57 
4568 57 
4569 57 
4570 57 
4571 57 
4572 57 
4573 57 66 89 
4574 57 
4575 57 
4576 57 
4577 57 
4578 57 
4579 57 102 
4580 57 
4581 57 74 
4582 57 
4583 57 80 
4584 58 
4585 58 
4586 58 66 
4587 58 
4588 58 
4589 58 83 
4590 58 68 
4591 58 
4592 58 
4593 58 83 
4594 58 
4595 58 108 
4596 62 
4597 62 
4598 62 
4599 62 
4600 62 
4601 62 101 
4602 62 
4603 62 
4604 62 
4605 62 
4606 62 
4607 62 
4608 62 
4609 62 
4610 62 
4611 62 
4612 62 101 102 
4613 62 100 101 
4614 62 
4615 62 
4616 62 
4617 62 
4618 62 
4619 62 
4620 62 
4621 62 
4622 62 
4623 62 
4624 62 
4625 62 68 
4626 62 
4627 62 
4628 62 
4629 62 
4630 62 
4631 62 
4632 62 
4633 63 66 110 
4634 63 
4635 63 
4636 63 
4637 63 
4638 63 
4639 63 
4640 63 
4641 63 
4642 63 66 
4643 63 
4644 63 
4645 63 
4646 63 
4647 63 
4648 66 
4649 66 
4650 66 
4651 66 
4652 66 
4653 66 
4654 66 
4655 66 
4656 66 
4657 66 
4658 66 
4659 66 
4660 66 
4661 66 103 
4662 66 
4663 66 
4664 66 
4665 66 
4666 66 
4667 66 
4668 66 
4669 66 
4670 66 
4671 66 
4672 66 
4673 66 
4674 66 
4675 66 
4676 66 
4677 66 
4678 66 
4679 66 74 
4680 66 
4681 66 
4682 66 
4683 66 
4684 66 
4685 66 
4686 66 
4687 66 
4688 66 110 
4689 66 
4690 66 
4691 66 98 
4692 66 
4693 66 
4694 66 
4695 66 
4696 66 
4697 66 
4698 66 
4699 66 
4700 66 
4701 66 
4702 66 
4703 66 108 
4704 66 
4705 66 
4706 66 
4707 66 
4708 66 70 
4709 66 
4710 66 
4711 66 71 
4712 66 108 
4713 66 
4714 66 
4715 66 
4716 66 
4717 66 
4718 66 67 
4719 66 71 
4720 66 
4721 66 67 
4722 66 
4723 66 
4724 66 
4725 66 
4726 66 
4727 66 
4728 66 
4729 66 103 
4730 66 
4731 66 
4732 66 
4733 66 
4734 66 
4735 66 68 
4736 66 108 110 
4737 66 74 
4738 66 
4739 66 
4740 66 
4741 66 67 
4742 66 98 100 
4743 66 
4744 66 
4745 66 
4746 66 
4747 66 
4748 66 
4749 66 
4750 66 
4751 66 
4752 66 
4753 66 67 
4754 66 
4755 66 
4756 66 
4757 66 
4758 66 67 
4759 66 
4760 66 
4761 66 
4762 66 
4763 66 
4764 66 
4765 66 
4766 66 
4767 66 
4768 66 
4769 66 
4770 66 
4771 66 
4772 66 103 
4773 66 
4774 66 
4775 66 
4776 66 
4777 66 67 
4778 66 
4779 66 
4780 66 
4781 66 67 
4782 66 
4783 66 
4784 66 
4785 66 
4786 66 
4787 66 
4788 66 
4789 66 67 
4790 66 
4791 66 
4792 66 
4793 66 
4794 66 
4795 66 94 
4796 66 
4797 66 
4798 66 
4799 66 
4800 66 
4801 66 
4802 66 69 110 
4803 66 
4804 66 
4805 66 108 
4806 66 67 
4807 66 74 108 
4808 66 
4809 66 
4810 66 
4811 66 67 
4812 66 
4813 66 
4814 66 
4815 66 
4816 66 
4817 66 
4818 66 67 
4819 66 
4820 66 67 
4821 66 
4822 66 
4823 66 
4824 66 
4825 66 
4826 66 
4827 66 
4828 66 
4829 66 
4830 66 
4831 66 
4832 66 
4833 66 
4834 66 
4835 66 74 
4836 66 
4837 66 102 
4838 66 
4839 66 
4840 66 
4841 66 
4842 66 
4843 66 
4844 66 
4845 66 
4846 66 67 
4847 66 110 
4848 66 
4849 66 67 
4850 66 100 
4851 66 108 
4852 66 
4853 66 
4854 66 
4855 66 
4856 66 
4857 66 
4858 66 
4859 66 
4860 66 
4861 66 
4862 66 103 108 
4863 66 
4864 66 
4865 66 
4866 66 
4867 66 
4868 66 
4869 66 
4870 66 
4871 66 
4872 66 
4873 66 
4874 66 
4875 66 
4876 66 
4877 66 
4878 66 
4879 66 103 110 
4880 66 
4881 66 
4882 66 
4883 66 
4884 66 
4885 66 
4886 66 
4887 66 
4888 66 
4889 66 
4890 66 
4891 66 
4892 66 91 
4893 66 91 
4894 66 
4895 66 
4896 66 
4897 66 83 
4898 66 
4899 66 
4900 66 
4901 66 
4902 66 
4903 66 
4904 66 67 
4905 66 
4906 66 101 110 
4907 66 
4908 66 
4909 66 
4910 66 
4911 66 
4912 66 
4913 66 70 
4914 66 
4915 66 
4916 66 
4917 66 
4918 66 
4919 66 
4920 66 
4921 66 67 
4922 66 67 
4923 66 
4924 66 67 
4925 66 70 
4926 66 74 
4927 66 
4928 66 
4929 66 
4930 66 
4931 66 
4932 66 
4933 66 
4934 66 
4935 66 103 
4936 66 
4937 66 
4938 66 67 83 
4939 66 
4940 66 
4941 66 
4942 67 
4943 67 
4944 67 
4945 67 68 74 
4946 67 90 103 
4947 67 101 
4948 67 
4949 67 
4950 67 
4951 67 103 
4952 67 
4953 67 
4954 67 
4955 67 
4956 67 104 
4957 67 
4958 67 
4959 67 
4960 67 
4961 67 
4962 67 
4963 67 
4964 67 
4965 67 
4966 67 
4967 67 
4968 67 
4969 67 
4970 67 
4971 67 
4972 67 
4973 67 
4974 67 
4975 67 
4976 67 
4977 67 
4978 67 
4979 67 
4980 67 100 
4981 67 
4982 67 
4983 67 
4984 67 
4985 67 
4986 67 
4987 67 
4988 67 
4989 67 
4990 67 
4991 67 
4992 67 
4993 67 
4994 67 
4995 67 
4996 67 
4997 67 
4998 67 
4999 67 
5000 67 
5001 67 
5002 67 
5003 67 
5004 67 
5005 67 
5006 67 
5007 67 
5008 67 
5009 67 
5010 67 
5011 67 
5012 67 
5013 68 100 
5014 68 
5015 68 
5016 68 
5017 68 74 
5018 68 
5019 68 
5020 68 
5021 68 
5022 68 
5023 68 
5024 68 
5025 68 
5026 68 
5027 69 
5028 69 
5029 69 110 
5030 69 
5031 69 
5032 69 110 
5033 69 
5034 69 
5035 69 
5036 69 
5037 69 
5038 69 
5039 69 83 
5040 69 
5041 69 
5042 69 
5043 69 
5044 69 110 
5045 69 
5046 69 
5047 69 
5048 69 
5049 69 
5050 69 
5051 69 110 
5052 70 
5053 70 
5054 70 
5055 70 
5056 70 
5057 70 
5058 70 
5059 70 
5060 70 
5061 70 
5062 70 
5063 70 
5064 70 
5065 70 
5066 70 
5067 70 
5068 71 103 
5069 71 
5070 71 
5071 71 
5072 71 
5073 71 
5074 71 
5075 71 
5076 71 
5077 71 
5078 71 
5079 71 
5080 71 
5081 71 
5082 71 
5083 71 
5084 71 
5085 71 
5086 71 
5087 71 
5088 71 
5089 71 
5090 71 
5091 71 
5092 71 
5093 71 
5094 71 
5095 71 
5096 71 
5097 71 80 
5098 71 
5099 71 
5100 71 
5101 71 
5102 71 
5103 71 
5104 71 
5105 71 108 
5106 71 
5107 71 
5108 71 
5109 71 
5110 71 
5111 71 
5112 71 
5113 71 
5114 71 
5115 71 
5116 71 
5117 71 
5118 71 
5119 71 83 
5120 71 
5121 71 110 
5122 71 
5123 71 
5124 71 
5125 71 
5126 71 110 
5127 71 
5128 71 
5129 71 
5130 71 
5131 74 
5132 74 
5133 74 
5134 74 
5135 74 
5136 74 
5137 74 
5138 74 
5139 74 
5140 74 
5141 74 
5142 74 
5143 74 
5144 74 
5145 74 
5146 74 
5147 74 
5148 74 108 
5149 74 
5150 74 
5151 74 
5152 74 
5153 74 
5154 74 
5155 74 
5156 74 
5157 74 
5158 76 
5159 76 
5160 76 
5161 76 
5162 76 
5163 80 
5164 80 
5165 80 
5166 80 
5167 80 
5168 80 
5169 80 
5170 80 
5171 80 
5172 80 
5173 83 89 
5174 83 
5175 83 
5176 83 
5177 83 
5178 83 104 
5179 83 
5180 83 
5181 83 
5182 83 
5183 83 
5184 83 
5185 83 
5186 83 
5187 83 
5188 83 
5189 83 
5190 83 
5191 83 
5192 83 
5193 83 
5194 83 
5195 83 
5196 83 
5197 83 
5198 83 
5199 83 
5200 83 
5201 83 
5202 83 
5203 83 
5204 83 
5205 83 
5206 83 
5207 83 
5208 83 
5209 83 
5210 83 
5211 83 
5212 83 
5213 83 
5214 83 
5215 83 
5216 83 
5217 83 
5218 83 
5219 83 
5220 83 
5221 85 
5222 85 
5223 85 
5224 89 
5225 89 
5226 89 
5227 89 
5228 89 
5229 89 
5230 89 
5231 89 
5232 89 
5233 89 
5234 89 
5235 89 
5236 89 
5237 89 
5238 89 
5239 89 
5240 89 
5241 89 
5242 89 
5243 89 
5244 89 
5245 89 
5246 89 
5247 89 
5248 89 
5249 89 
5250 90 
5251 90 
5252 91 
5253 91 
5254 91 
5255 91 
5256 91 
5257 91 
5258 91 
5259 91 
5260 91 
5261 91 
5262 91 
5263 91 
5264 91 
5265 91 
5266 91 
5267 91 
5268 91 
5269 91 
5270 91 
5271 91 
5272 91 
5273 93 108 
5274 94 
5275 94 
5276 94 
5277 94 
5278 94 
5279 98 
5280 98 
5281 98 109 
5282 98 
5283 98 
5284 98 
5285 98 
5286 98 
5287 98 
5288 98 
5289 98 108 
5290 98 
5291 98 
5292 98 
5293 98 
5294 98 
5295 98 
5296 98 
5297 100 
5298 100 
5299 100 
5300 100 
5301 100 
5302 100 
5303 100 
5304 100 
5305 100 
5306 100 
5307 100 
5308 100 
5309 100 
5310 100 
5311 100 
5312 100 
5313 100 
5314 100 
5315 100 
5316 100 
5317 100 
5318 100 
5319 100 103 
5320 100 
5321 100 
5322 100 
5323 100 
5324 100 
5325 100 
5326 100 
5327 100 
5328 100 
5329 100 
5330 100 
5331 100 
5332 100 
5333 100 
5334 100 
5335 100 
5336 100 
5337 100 
5338 100 102 
5339 100 
5340 100 
5341 100 
5342 100 
5343 100 
5344 100 
5345 100 
5346 100 
5347 100 
5348 100 
5349 100 
5350 100 
5351 100 
5352 100 
5353 100 
5354 100 
5355 100 
5356 100 
5357 100 
5358 100 101 
5359 100 
5360 100 
5361 100 
5362 100 
5363 100 
5364 100 
5365 100 
5366 100 
5367 101 
5368 101 
5369 101 
5370 101 
5371 101 
5372 101 
5373 101 
5374 101 
5375 101 102 
5376 101 
5377 101 110 
5378 101 
5379 101 
5380 101 102 
5381 101 102 
5382 101 
5383 101 
5384 101 
5385 101 
5386 102 
5387 102 
5388 102 
5389 102 
5390 102 
5391 102 
5392 102 
5393 102 
5394 102 
5395 102 
5396 102 103 
5397 102 
5398 102 
5399 102 
5400 102 
5401 102 
5402 102 
5403 102 
5404 102 
5405 102 
5406 102 
5407 102 
5408 102 
5409 102 
5410 102 
5411 102 
5412 102 
5413 102 
5414 102 
5415 102 
5416 102 
5417 102 
5418 102 
5419 102 
5420 102 
5421 102 
5422 102 
5423 103 
5424 103 
5425 103 
5426 103 
5427 103 
5428 103 104 
5429 103 104 
5430 103 
5431 103 
5432 103 
5433 103 
5434 103 
5435 103 
5436 103 
5437 103 
5438 103 
5439 103 
5440 103 
5441 103 
5442 103 
5443 103 
5444 103 
5445 103 
5446 103 
5447 103 
5448 103 
5449 103 
5450 103 
5451 103 
5452 103 
5453 103 
5454 103 
5455 103 
5456 103 
5457 103 
5458 103 
5459 103 
5460 103 
5461 103 
5462 103 
5463 103 
5464 103 
5465 103 
5466 103 
5467 103 
5468 103 
5469 103 
5470 103 
5471 103 
5472 103 
5473 103 
5474 103 
5475 103 
5476 103 
5477 103 
5478 103 
5479 103 
5480 103 
5481 103 
5482 103 
5483 103 
5484 103 
5485 103 
5486 103 
5487 103 
5488 103 
5489 103 104 
5490 103 
5491 103 
5492 103 
5493 103 
5494 103 
5495 103 
5496 103 
5497 103 
5498 103 
5499 103 
5500 103 
5501 103 
5502 103 
5503 103 
5504 103 
5505 103 
5506 103 
5507 103 
5508 103 
5509 103 
5510 103 
5511 103 
5512 103 
5513 103 
5514 103 
5515 103 
5516 103 
5517 103 
5518 103 
5519 103 
5520 103 
5521 103 
5522 103 
5523 103 
5524 103 
5525 103 
5526 103 
5527 103 
5528 103 
5529 103 
5530 103 
5531 103 
5532 103 
5533 103 
5534 103 
5535 103 
5536 103 
5537 103 
5538 103 
5539 103 
5540 103 
5541 103 
5542 103 
5543 103 
5544 103 
5545 103 
5546 103 
5547 103 
5548 103 
5549 103 
5550 103 
5551 103 
5552 103 
5553 103 
5554 103 
5555 103 
5556 103 
5557 103 
5558 103 
5559 103 
5560 103 
5561 103 
5562 103 
5563 103 
5564 103 
5565 103 
5566 103 
5567 103 
5568 103 
5569 103 
5570 103 
5571 103 
5572 103 
5573 103 
5574 103 
5575 103 
5576 103 
5577 103 
5578 103 
5579 103 
5580 103 
5581 103 
5582 103 
5583 103 
5584 103 
5585 103 
5586 103 
5587 103 
5588 103 
5589 103 
5590 103 
5591 103 
5592 103 
5593 103 
5594 103 108 
5595 103 
5596 103 
5597 103 
5598 103 
5599 103 
5600 103 
5601 103 
5602 103 
5603 103 
5604 103 
5605 103 
5606 103 
5607 103 
5608 103 
5609 103 
5610 103 
5611 103 
5612 103 
5613 103 
5614 103 
5615 103 
5616 103 
5617 103 
5618 103 
5619 103 
5620 103 
5621 103 
5622 103 
5623 103 
5624 103 
5625 103 
5626 103 
5627 103 
5628 103 
5629 103 
5630 103 
5631 103 
5632 103 
5633 103 
5634 103 
5635 103 
5636 103 
5637 103 
5638 103 
5639 103 
5640 103 
5641 103 
5642 103 
5643 103 
5644 103 
5645 103 
5646 103 
5647 103 
5648 103 
5649 103 
5650 103 
5651 103 
5652 103 
5653 103 
5654 103 
5655 103 
5656 103 
5657 103 
5658 103 
5659 103 
5660 103 
5661 103 
5662 103 
5663 103 
5664 103 
5665 103 
5666 103 
5667 103 
5668 103 
5669 103 
5670 103 
5671 103 
5672 103 
5673 103 
5674 103 
5675 103 
5676 103 
5677 103 
5678 103 
5679 103 
5680 103 
5681 103 
5682 103 
5683 103 
5684 103 
5685 103 
5686 103 
5687 103 
5688 103 
5689 103 
5690 103 
5691 103 
5692 103 
5693 103 
5694 103 
5695 103 
5696 103 
5697 103 
5698 103 
5699 103 
5700 103 
5701 103 
5702 103 
5703 103 
5704 103 
5705 103 
5706 103 
5707 103 
5708 103 
5709 103 
5710 103 
5711 103 
5712 103 
5713 103 
5714 103 
5715 103 
5716 103 
5717 103 
5718 103 
5719 103 
5720 103 
5721 103 
5722 103 104 
5723 104 
5724 104 
5725 104 
5726 104 
5727 104 
5728 104 
5729 104 
5730 104 
5731 104 
5732 104 
5733 104 
5734 104 
5735 104 
5736 104 
5737 104 
5738 104 
5739 104 
5740 104 
5741 104 
5742 104 
5743 104 
5744 104 108 
5745 104 
5746 104 
5747 104 
5748 104 
5749 104 
5750 104 
5751 104 
5752 104 
5753 104 
5754 104 
5755 104 
5756 104 
5757 104 
5758 104 
5759 104 
5760 104 
5761 104 
5762 104 
5763 104 
5764 104 
5765 104 
5766 104 
5767 104 
5768 104 
5769 104 
5770 104 
5771 104 
5772 104 
5773 104 
5774 104 
5775 104 
5776 104 
5777 104 
5778 104 
5779 104 
5780 104 
5781 104 
5782 108 
5783 108 110 
5784 108 
5785 108 
5786 108 
5787 108 
5788 108 
5789 108 
5790 108 
5791 108 
5792 108 
5793 108 
5794 108 
5795 108 
5796 108 
5797 108 
5798 108 
5799 108 
5800 108 
5801 108 
5802 108 
5803 108 110 
5804 108 
5805 108 109 
5806 108 
5807 108 
5808 108 
5809 108 
5810 108 
5811 108 
5812 108 
5813 108 
5814 108 
5815 108 
5816 108 
5817 108 
5818 108 
5819 108 
5820 108 
5821 108 
5822 108 
5823 108 
5824 108 
5825 108 
5826 108 
5827 108 
5828 108 
5829 108 
5830 108 
5831 108 
5832 108 
5833 108 
5834 108 
5835 108 
5836 108 
5837 108 
5838 108 
5839 108 
5840 108 
5841 108 
5842 108 
5843 108 
5844 108 
5845 108 
5846 110 
5847 110 
5848 110 
5849 110 
5850 110 
5851 110 
5852 110 
5853 110 
5854 110 
5855 110 
5856 110 
5857 110 
5858 110 
5859 110 
5860 110 
5861 110 
5862 110 
5863 110 
5864 110 
5865 110 
5866 110 
5867 110 
5868 110 
5869 110 
5870 110 
5871 110 
5872 110 
5873 110 
5874 110 
5875 110 
5876 110 
5877 110 
5878 110 
5879 110 
5880 110 
5881 110 
5882 110 
5883 110 
5884 110 
5885 110 
5886 110 
5887 110 
5888 110 
5889 110 
5890 110 
5891 110 
5892 110 
5893 110 
5894 110 
5895 110 
5896 110 
5897 110 
5898 110 
5899 110 
5900 110 
5901 110 
5902 110 
5903 110 
5904 110 
5905 110 
5906 110 
5907 110 
5908 110 
5909 110 
5910 110 
5911 110 
5912 110 
